50
992
86	96	10	33	67	50	48	42	5	77	84	29	67	21	6	48	11	14	80	20	11	56	8	25	38	70	25	19	84	49	49	91	94	6	63	60	41	33	94	100	3	65	45	69	75	41	71	64	87	40	
3	17	3	89	66	16	39	77	15	5	1	91	17	66	21	7	24	82	51	73	77	84	47	9	13	31	33	58	82	8	44	24	100	80	30	16	10	92	70	80	11	52	100	12	32	95	31	83	62	76	
17	63	78	57	64	49	74	60	66	19	12	5	98	81	78	85	95	90	39	44	59	67	70	75	30	90	61	63	45	4	67	9	92	23	1	37	76	52	71	96	49	100	22	89	9	48	1	79	69	36	
3	78	84	66	46	31	83	60	43	12	70	43	58	69	89	73	7	44	44	64	7	57	78	14	7	2	6	17	77	82	79	86	88	42	1	10	70	76	33	22	31	56	34	14	85	62	74	35	29	97	
89	57	66	56	56	99	79	95	91	57	47	36	80	83	33	70	9	93	94	44	45	1	68	46	94	48	47	23	52	43	18	100	26	63	59	13	65	47	67	69	64	34	56	34	96	80	96	53	64	78	
66	64	46	56	26	85	98	56	69	78	79	34	7	9	67	9	79	99	41	96	16	91	45	89	3	86	6	85	23	14	36	31	26	57	16	90	51	46	39	76	88	5	7	12	71	18	84	26	88	14	
16	49	31	99	85	75	6	57	36	52	36	15	92	79	50	89	27	79	29	68	20	70	54	62	51	13	11	72	15	91	100	97	1	12	38	33	8	70	29	84	71	91	48	56	9	79	74	88	73	42	
39	74	83	79	98	6	16	77	41	52	17	76	5	81	42	42	42	1	17	18	48	41	44	80	20	1	95	43	79	97	66	60	11	31	76	8	19	100	33	98	66	31	92	89	35	70	97	4	45	52	
77	60	60	95	56	57	77	89	46	67	95	48	76	77	52	7	26	61	75	85	37	11	83	67	43	24	79	34	10	97	61	80	35	44	23	19	60	46	82	66	26	26	47	91	55	78	60	66	5	89	
15	66	43	91	69	36	41	46	79	15	82	89	65	95	40	84	35	74	97	21	43	83	21	5	58	61	20	35	20	48	24	82	52	14	93	15	23	66	65	46	12	48	71	43	76	68	24	70	71	65	
5	19	12	57	78	52	52	67	15	6	5	43	14	99	63	79	32	51	44	57	62	48	69	99	3	87	29	75	5	27	68	73	38	77	89	14	11	76	62	2	12	98	61	26	58	20	13	33	64	91	
1	12	70	47	79	36	17	95	82	5	45	22	2	55	50	95	26	20	81	38	83	87	74	54	50	55	98	84	7	7	1	70	54	74	48	32	79	99	76	59	28	31	37	17	85	44	29	56	79	42	
91	5	43	36	34	15	76	48	89	43	22	65	61	58	87	37	60	10	72	1	68	2	52	17	93	69	92	36	81	69	44	35	45	64	25	76	47	97	22	38	81	54	59	43	66	18	42	30	96	95	
17	98	58	80	7	92	5	76	65	14	2	61	40	6	100	52	99	56	38	5	75	36	92	50	54	87	90	48	7	64	12	95	54	66	87	73	17	3	36	91	78	72	83	38	67	97	89	8	67	37	
66	81	69	83	9	79	81	77	95	99	55	58	6	97	97	31	2	32	66	21	93	40	98	48	53	88	14	32	30	5	39	82	72	7	13	80	99	15	48	95	2	3	84	13	89	43	6	58	60	88	
21	78	89	33	67	50	42	52	40	63	50	87	100	97	68	97	54	50	84	59	90	12	93	71	43	11	71	69	96	48	71	64	29	15	96	72	14	65	75	38	23	90	7	17	6	10	94	3	54	4	
7	85	73	70	9	89	42	7	84	79	95	37	52	31	97	10	93	28	65	4	88	15	30	61	73	23	22	62	18	53	5	21	68	87	5	93	38	57	80	92	59	66	94	100	39	31	72	57	59	44	
24	95	7	9	79	27	42	26	35	32	26	60	99	2	54	93	59	18	92	75	53	16	38	9	21	55	3	78	12	67	18	68	34	100	66	11	29	26	59	50	10	81	97	35	84	85	94	35	92	11	
82	90	44	93	99	79	1	61	74	51	20	10	56	32	50	28	18	75	63	42	10	36	22	59	35	49	2	6	71	46	29	29	50	33	94	100	66	97	84	15	58	46	96	85	45	73	30	19	94	9	
51	39	44	94	41	29	17	75	97	44	81	72	38	66	84	65	92	63	9	9	5	27	32	92	52	8	12	69	67	17	60	9	41	68	60	87	40	2	95	63	59	48	72	76	65	37	78	10	58	60	
73	44	64	44	96	68	18	85	21	57	38	1	5	21	59	4	75	42	9	5	63	57	8	44	40	39	67	26	94	38	42	10	46	17	68	28	92	96	36	34	86	94	69	39	52	52	94	37	54	17	
77	59	7	45	16	20	48	37	43	62	83	68	75	93	90	88	53	10	5	63	95	98	70	76	72	36	42	43	3	88	41	55	66	13	97	85	11	64	27	11	39	19	89	12	1	70	83	75	84	77	
84	67	57	1	91	70	41	11	83	48	87	2	36	40	12	15	16	36	27	57	98	87	90	88	84	51	4	87	31	73	11	70	75	69	21	33	91	27	50	97	97	23	99	52	34	71	92	7	14	52	
47	70	78	68	45	54	44	83	21	69	74	52	92	98	93	30	38	22	32	8	70	90	67	20	50	47	28	45	24	6	76	78	1	57	15	63	26	64	55	85	38	58	63	63	70	49	94	85	93	26	
9	75	14	46	89	62	80	67	5	99	54	17	50	48	71	61	9	59	92	44	76	88	20	80	91	11	90	59	85	73	44	70	60	81	3	61	30	21	34	98	70	51	54	24	15	78	31	87	15	59	
13	30	7	94	3	51	20	43	58	3	50	93	54	53	43	73	21	35	52	40	72	84	50	91	4	33	92	72	47	84	88	45	74	52	26	94	87	61	64	36	16	48	42	85	9	39	64	98	12	79	
31	90	2	48	86	13	1	24	61	87	55	69	87	88	11	23	55	49	8	39	36	51	47	11	33	30	38	15	67	91	32	77	28	15	92	96	68	61	18	37	57	87	58	24	87	72	89	96	87	71	
33	61	6	47	6	11	95	79	20	29	98	92	90	14	71	22	3	2	12	67	42	4	28	90	92	38	28	93	52	41	74	80	92	25	9	79	55	27	18	68	14	74	36	37	53	27	74	40	19	64	
58	63	17	23	85	72	43	34	35	75	84	36	48	32	69	62	78	6	69	26	43	87	45	59	72	15	93	60	1	58	72	77	67	58	21	99	78	54	64	65	33	31	19	43	71	90	29	90	100	86	
82	45	77	52	23	15	79	10	20	5	7	81	7	30	96	18	12	71	67	94	3	31	24	85	47	67	52	1	61	88	73	12	80	94	16	67	80	7	52	41	17	87	7	22	41	97	90	38	67	4	
8	4	82	43	14	91	97	97	48	27	7	69	64	5	48	53	67	46	17	38	88	73	6	73	84	91	41	58	88	85	90	56	92	85	8	13	20	37	39	18	44	19	86	64	83	79	4	36	45	68	
44	67	79	18	36	100	66	61	24	68	1	44	12	39	71	5	18	29	60	42	41	11	76	44	88	32	74	72	73	90	62	56	36	30	39	44	1	69	65	30	81	39	22	30	53	39	56	45	71	23	
24	9	86	100	31	97	60	80	82	73	70	35	95	82	64	21	68	29	9	10	55	70	78	70	45	77	80	77	12	56	56	20	95	99	100	59	52	25	95	31	60	71	70	13	55	5	60	6	14	4	
100	92	88	26	26	1	11	35	52	38	54	45	54	72	29	68	34	50	41	46	66	75	1	60	74	28	92	67	80	92	36	95	16	97	38	20	1	65	61	33	31	8	93	56	49	55	56	85	80	9	
80	23	42	63	57	12	31	44	14	77	74	64	66	7	15	87	100	33	68	17	13	69	57	81	52	15	25	58	94	85	30	99	97	95	71	26	71	82	96	42	7	50	100	26	94	61	14	82	50	2	
30	1	1	59	16	38	76	23	93	89	48	25	87	13	96	5	66	94	60	68	97	21	15	3	26	92	9	21	16	8	39	100	38	71	76	43	59	62	31	17	51	6	79	20	78	27	100	52	41	13	
16	37	10	13	90	33	8	19	15	14	32	76	73	80	72	93	11	100	87	28	85	33	63	61	94	96	79	99	67	13	44	59	20	26	43	59	50	29	80	89	72	31	23	29	17	58	90	97	29	85	
10	76	70	65	51	8	19	60	23	11	79	47	17	99	14	38	29	66	40	92	11	91	26	30	87	68	55	78	80	20	1	52	1	71	59	50	59	98	53	89	56	24	72	77	21	86	58	87	23	72	
92	52	76	47	46	70	100	46	66	76	99	97	3	15	65	57	26	97	2	96	64	27	64	21	61	61	27	54	7	37	69	25	65	82	62	29	98	19	3	31	59	10	77	40	77	62	94	2	58	85	
70	71	33	67	39	29	33	82	65	62	76	22	36	48	75	80	59	84	95	36	27	50	55	34	64	18	18	64	52	39	65	95	61	96	31	80	53	3	95	75	54	86	19	85	19	9	43	90	21	81	
80	96	22	69	76	84	98	66	46	2	59	38	91	95	38	92	50	15	63	34	11	97	85	98	36	37	68	65	41	18	30	31	33	42	17	89	89	31	75	70	3	18	56	35	68	33	50	58	61	19	
11	49	31	64	88	71	66	26	12	12	28	81	78	2	23	59	10	58	59	86	39	97	38	70	16	57	14	33	17	44	81	60	31	7	51	72	56	59	54	3	46	39	93	67	13	52	97	39	47	78	
52	100	56	34	5	91	31	26	48	98	31	54	72	3	90	66	81	46	48	94	19	23	58	51	48	87	74	31	87	19	39	71	8	50	6	31	24	10	86	18	39	16	92	30	8	10	41	96	16	13	
100	22	34	56	7	48	92	47	71	61	37	59	83	84	7	94	97	96	72	69	89	99	63	54	42	58	36	19	7	86	22	70	93	100	79	23	72	77	19	56	93	92	55	6	80	80	74	49	69	52	
12	89	14	34	12	56	89	91	43	26	17	43	38	13	17	100	35	85	76	39	12	52	63	24	85	24	37	43	22	64	30	13	56	26	20	29	77	40	85	35	67	30	6	70	62	65	42	9	39	66	
32	9	85	96	71	9	35	55	76	58	85	66	67	89	6	39	84	45	65	52	1	34	70	15	9	87	53	71	41	83	53	55	49	94	78	17	21	77	19	68	13	8	80	62	9	9	83	66	10	69	
95	48	62	80	18	79	70	78	68	20	44	18	97	43	10	31	85	73	37	52	70	71	49	78	39	72	27	90	97	79	39	5	55	61	27	58	86	62	9	33	52	10	80	65	9	75	12	92	66	11	
31	1	74	96	84	74	97	60	24	13	29	42	89	6	94	72	94	30	78	94	83	92	94	31	64	89	74	29	90	4	56	60	56	14	100	90	58	94	43	50	97	41	74	42	83	12	34	46	32	84	
83	79	35	53	26	88	4	66	70	33	56	30	8	58	3	57	35	19	10	37	75	7	85	87	98	96	40	90	38	36	45	6	85	82	52	97	87	2	90	58	39	96	49	9	66	92	46	32	23	82	
62	69	29	64	88	73	45	5	71	64	79	96	67	60	54	59	92	94	58	54	84	14	93	15	12	87	19	100	67	45	71	14	80	50	41	29	23	58	21	61	47	16	69	39	10	66	32	23	39	2	
76	36	97	78	14	42	52	89	65	91	42	95	37	88	4	44	11	9	60	17	77	52	26	59	79	71	64	86	4	68	23	4	9	2	13	85	72	85	81	19	78	13	52	66	69	11	84	82	2	26	
