50
1227
53	29	65	72	14	71	51	93	56	70	45	57	69	54	20	72	65	29	28	30	13	94	17	7	2	1	79	34	19	70	8	48	7	77	2	79	84	54	39	1	60	15	37	15	54	91	74	49	26	31	
79	18	73	46	4	12	73	42	95	40	15	97	42	58	5	16	1	34	53	39	37	69	16	84	41	94	49	44	37	51	55	53	28	24	27	66	56	64	43	12	23	11	12	97	8	53	56	70	97	98	
18	50	63	21	10	69	29	30	65	45	56	76	6	45	45	54	64	97	93	95	83	26	39	94	92	51	71	45	63	68	57	28	18	46	70	77	58	55	62	85	40	64	49	51	42	14	57	60	50	47	
73	63	45	13	56	68	87	32	87	57	16	88	39	21	56	27	26	68	27	3	7	33	66	32	4	39	63	8	57	16	6	21	64	44	40	34	72	89	42	86	35	96	83	69	42	27	6	57	11	74	
46	21	13	34	49	68	7	27	62	67	68	30	88	28	64	88	38	98	26	39	100	45	63	69	40	81	11	55	71	58	51	22	61	3	58	17	15	16	56	13	91	84	4	89	96	62	92	2	74	31	
4	10	56	49	62	12	52	51	1	56	71	100	39	9	55	90	51	37	87	14	75	97	3	62	77	74	80	99	11	81	76	27	3	68	10	85	28	13	68	14	97	48	15	33	3	24	39	51	53	20	
12	69	68	68	12	30	70	44	45	90	90	98	35	41	55	68	40	15	90	35	89	27	20	39	31	60	58	61	90	31	63	8	85	50	21	87	84	59	38	83	8	56	25	30	27	33	100	11	56	36	
73	29	87	7	52	70	73	82	94	76	97	1	69	16	57	10	28	64	81	12	32	23	92	18	68	99	82	97	80	44	66	54	50	60	33	83	3	9	78	24	51	49	76	71	100	75	79	96	89	15	
42	30	32	27	51	44	82	79	40	75	74	81	27	85	5	55	61	71	72	16	91	20	94	61	3	18	39	71	87	93	77	60	2	22	60	44	3	47	52	55	19	85	68	50	67	70	70	52	17	47	
95	65	87	62	1	45	94	40	7	34	72	92	15	74	7	73	50	40	57	76	3	34	76	34	60	71	46	37	18	2	66	90	7	49	66	4	46	8	42	92	72	39	42	15	90	63	85	54	32	25	
40	45	57	67	56	90	76	75	34	15	76	71	36	92	80	73	5	50	53	12	90	25	34	8	73	24	64	10	78	60	6	80	56	35	26	46	97	43	8	4	10	65	3	8	11	12	100	39	61	39	
15	56	16	68	71	90	97	74	72	76	46	23	40	58	31	38	100	66	75	81	70	100	94	15	69	73	91	8	52	30	6	61	51	84	33	13	22	21	30	21	29	22	34	39	7	98	13	22	82	46	
97	76	88	30	100	98	1	81	92	71	23	23	58	24	45	91	17	15	72	32	71	27	50	71	57	94	35	9	75	47	16	61	99	81	26	66	14	93	87	52	55	96	38	24	5	63	3	63	9	71	
42	6	39	88	39	35	69	27	15	36	40	58	80	90	23	77	51	85	19	85	71	73	66	26	88	3	30	100	65	8	71	84	1	52	81	38	63	42	31	19	27	29	72	40	20	81	45	3	11	40	
58	45	21	28	9	41	16	85	74	92	58	24	90	21	21	25	12	28	57	9	56	4	36	45	41	8	48	87	73	99	32	18	33	68	15	3	62	32	61	11	94	89	59	32	26	32	48	63	2	78	
5	45	56	64	55	55	57	5	7	80	31	45	23	21	87	59	12	62	66	68	12	92	17	5	40	75	28	41	88	93	90	46	12	12	42	58	82	53	9	89	84	82	79	23	29	95	81	77	79	23	
16	54	27	88	90	68	10	55	73	73	38	91	77	25	59	90	34	92	79	85	13	11	45	64	72	14	78	24	45	31	39	34	85	83	40	47	43	66	34	38	54	43	59	26	79	86	97	21	17	44	
1	64	26	38	51	40	28	61	50	5	100	17	51	12	12	34	66	99	29	46	57	94	36	86	79	33	64	56	83	34	12	85	61	6	79	44	53	73	6	31	28	60	66	45	31	51	14	67	85	63	
34	97	68	98	37	15	64	71	40	50	66	15	85	28	62	92	99	35	73	44	72	48	61	12	100	97	99	88	21	68	93	54	46	5	10	19	29	86	98	35	89	13	48	94	70	14	47	74	4	46	
53	93	27	26	87	90	81	72	57	53	75	72	19	57	66	79	29	73	8	78	57	78	89	37	50	65	75	62	40	31	18	97	69	73	77	67	69	92	53	94	25	46	37	93	80	18	15	11	52	26	
39	95	3	39	14	35	12	16	76	12	81	32	85	9	68	85	46	44	78	47	23	62	12	49	84	10	92	52	44	43	33	84	83	21	53	20	52	40	80	45	12	2	14	51	90	96	79	83	51	12	
37	83	7	100	75	89	32	91	3	90	70	71	71	56	12	13	57	72	57	23	51	91	83	38	24	22	2	37	21	98	26	6	1	84	25	43	52	18	75	59	52	60	10	35	86	16	34	65	31	27	
69	26	33	45	97	27	23	20	34	25	100	27	73	4	92	11	94	48	78	62	91	44	47	99	42	55	56	24	79	21	12	52	75	34	33	90	20	11	4	58	6	53	37	20	44	85	47	36	21	76	
16	39	66	63	3	20	92	94	76	34	94	50	66	36	17	45	36	61	89	12	83	47	74	9	10	14	46	91	27	65	49	50	70	75	46	69	83	39	48	25	15	53	79	58	43	18	43	48	65	45	
84	94	32	69	62	39	18	61	34	8	15	71	26	45	5	64	86	12	37	49	38	99	9	82	81	61	48	25	90	83	59	32	89	72	46	78	57	38	21	23	73	26	40	68	12	46	91	18	32	60	
41	92	4	40	77	31	68	3	60	73	69	57	88	41	40	72	79	100	50	84	24	42	10	81	85	99	86	95	30	35	20	72	17	61	96	62	54	91	56	96	92	84	13	68	40	89	97	94	91	71	
94	51	39	81	74	60	99	18	71	24	73	94	3	8	75	14	33	97	65	10	22	55	14	61	99	49	51	46	32	91	86	45	39	65	13	15	18	93	51	36	27	18	21	15	43	48	42	12	28	4	
49	71	63	11	80	58	82	39	46	64	91	35	30	48	28	78	64	99	75	92	2	56	46	48	86	51	7	87	96	71	63	70	3	18	84	22	9	29	90	92	81	72	28	87	18	59	66	28	74	46	
44	45	8	55	99	61	97	71	37	10	8	9	100	87	41	24	56	88	62	52	37	24	91	25	95	46	87	15	18	28	78	26	100	20	66	9	89	9	74	51	22	40	40	1	75	100	97	51	98	2	
37	63	57	71	11	90	80	87	18	78	52	75	65	73	88	45	83	21	40	44	21	79	27	90	30	32	96	18	64	29	9	56	81	59	56	12	32	20	91	58	77	14	61	59	49	79	73	100	12	3	
51	68	16	58	81	31	44	93	2	60	30	47	8	99	93	31	34	68	31	43	98	21	65	83	35	91	71	28	29	61	46	51	3	98	33	32	99	78	83	24	54	36	12	17	31	43	46	94	81	76	
55	57	6	51	76	63	66	77	66	6	6	16	71	32	90	39	12	93	18	33	26	12	49	59	20	86	63	78	9	46	93	38	94	21	10	93	35	60	100	43	11	73	59	69	78	56	4	48	45	31	
53	28	21	22	27	8	54	60	90	80	61	61	84	18	46	34	85	54	97	84	6	52	50	32	72	45	70	26	56	51	38	94	21	62	16	13	78	50	21	65	84	63	90	93	56	15	23	20	6	5	
28	18	64	61	3	85	50	2	7	56	51	99	1	33	12	85	61	46	69	83	1	75	70	89	17	39	3	100	81	3	94	21	97	86	62	24	78	44	84	63	77	4	90	54	34	24	41	3	69	74	
24	46	44	3	68	50	60	22	49	35	84	81	52	68	12	83	6	5	73	21	84	34	75	72	61	65	18	20	59	98	21	62	86	3	17	67	89	12	86	66	76	25	39	63	89	60	59	50	37	94	
27	70	40	58	10	21	33	60	66	26	33	26	81	15	42	40	79	10	77	53	25	33	46	46	96	13	84	66	56	33	10	16	62	17	22	95	24	7	49	86	29	16	84	14	16	24	98	29	71	36	
66	77	34	17	85	87	83	44	4	46	13	66	38	3	58	47	44	19	67	20	43	90	69	78	62	15	22	9	12	32	93	13	24	67	95	47	69	39	4	90	88	22	76	91	18	51	69	68	15	83	
56	58	72	15	28	84	3	3	46	97	22	14	63	62	82	43	53	29	69	52	52	20	83	57	54	18	9	89	32	99	35	78	78	89	24	69	90	48	55	70	17	73	82	25	31	45	53	11	3	75	
64	55	89	16	13	59	9	47	8	43	21	93	42	32	53	66	73	86	92	40	18	11	39	38	91	93	29	9	20	78	60	50	44	12	7	39	48	1	76	97	10	29	37	88	78	91	13	98	62	58	
43	62	42	56	68	38	78	52	42	8	30	87	31	61	9	34	6	98	53	80	75	4	48	21	56	51	90	74	91	83	100	21	84	86	49	4	55	76	73	21	67	73	39	7	56	18	90	45	48	78	
12	85	86	13	14	83	24	55	92	4	21	52	19	11	89	38	31	35	94	45	59	58	25	23	96	36	92	51	58	24	43	65	63	66	86	90	70	97	21	41	51	100	63	98	73	57	43	34	73	44	
23	40	35	91	97	8	51	19	72	10	29	55	27	94	84	54	28	89	25	12	52	6	15	73	92	27	81	22	77	54	11	84	77	76	29	88	17	10	67	51	66	32	30	51	98	72	39	91	12	99	
11	64	96	84	48	56	49	85	39	65	22	96	29	89	82	43	60	13	46	2	60	53	53	26	84	18	72	40	14	36	73	63	4	25	16	22	73	29	73	100	32	41	89	85	7	2	27	69	55	72	
12	49	83	4	15	25	76	68	42	3	34	38	72	59	79	59	66	48	37	14	10	37	79	40	13	21	28	40	61	12	59	90	90	39	84	76	82	37	39	63	30	89	31	33	8	65	50	19	23	53	
97	51	69	89	33	30	71	50	15	8	39	24	40	32	23	26	45	94	93	51	35	20	58	68	68	15	87	1	59	17	69	93	54	63	14	91	25	88	7	98	51	85	33	4	42	35	98	59	17	80	
8	42	42	96	3	27	100	67	90	11	7	5	20	26	29	79	31	70	80	90	86	44	43	12	40	43	18	75	49	31	78	56	34	89	16	18	31	78	56	73	98	7	8	42	77	70	83	69	56	38	
53	14	27	62	24	33	75	70	63	12	98	63	81	32	95	86	51	14	18	96	16	85	18	46	89	48	59	100	79	43	56	15	24	60	24	51	45	91	18	57	72	2	65	35	70	81	22	64	12	41	
56	57	6	92	39	100	79	70	85	100	13	3	45	48	81	97	14	47	15	79	34	47	43	91	97	42	66	97	73	46	4	23	41	59	98	69	53	13	90	43	39	27	50	98	83	22	42	79	99	63	
70	60	57	2	51	11	96	52	54	39	22	63	3	63	77	21	67	74	11	83	65	36	48	18	94	12	28	51	100	94	48	20	3	50	29	68	11	98	45	34	91	69	19	59	69	64	79	75	64	50	
97	50	11	74	53	56	89	17	32	61	82	9	11	2	79	17	85	4	52	51	31	21	65	32	91	28	74	98	12	81	45	6	69	37	71	15	3	62	48	73	12	55	23	17	56	12	99	64	87	60	
98	47	74	31	20	36	15	47	25	39	46	71	40	78	23	44	63	46	26	12	27	76	45	60	71	4	46	2	3	76	31	5	74	94	36	83	75	58	78	44	99	72	53	80	38	41	63	50	60	26	
