array([[7.65716382, 3.86265195, 1.58792125, 1.3483935 , 0.86782047,
        0.81421497, 0.40428224, 0.03380994, 0.        , 0.        ,
        0.        ],
       [8.30533176, 3.33295942, 2.0600882 , 1.39063759, 0.97286196,
        0.76082179, 0.51497064, 0.25070285, 0.        , 0.        ,
        0.        ],
       [7.47860466, 1.79516179, 2.57793109, 0.74180117, 0.49653045,
        0.        , 0.55170709, 0.3279881 , 0.01635879, 0.        ,
        0.        ],
       [7.76805997, 2.06128603, 2.16899665, 0.71949864, 0.        ,
        0.24873529, 0.52904226, 0.        , 0.        , 0.        ,
        0.        ],
       [8.56801233, 2.3508899 , 1.2451608 , 0.70126147, 1.32980736,
        0.85632765, 0.62152675, 0.31147105, 0.        , 0.        ,
        0.        ],
       [8.98376654, 3.9412102 , 1.85659016, 1.37466725, 0.61314335,
        1.06290427, 0.25478761, 0.38746392, 0.0226361 , 0.        ,
        0.        ],
       [0.        , 3.87881029, 2.49462314, 0.86678041, 0.96401692,
        0.75848131, 0.4245639 , 0.10306997, 0.        , 0.        ,
        0.        ],
       [8.37891567, 4.13119342, 2.06165511, 0.4030843 , 0.40931508,
        0.72273637, 0.33446761, 0.3230716 , 0.        , 0.        ,
        0.        ],
       [9.1291739 , 1.17502761, 2.12891192, 1.52093097, 0.71596425,
        1.15655173, 0.5964842 , 0.16925186, 0.12312877, 0.        ,
        0.        ]])

actions 
[15, 30, 45, 60, 75, 90, 105, 120, 135, 150, 165]