50
1098
94	35	40	27	49	12	21	80	40	37	33	37	22	10	75	97	50	63	66	9	9	94	33	50	51	61	4	27	16	57	96	35	63	29	85	26	66	20	1	94	65	24	88	66	100	99	82	69	6	97	
32	48	76	96	9	68	89	80	71	10	38	47	31	61	43	55	71	84	51	14	80	20	27	71	22	7	49	88	78	27	29	2	8	34	7	72	40	34	5	19	62	48	86	100	7	3	71	74	66	36	
48	9	59	96	59	56	92	58	67	70	63	43	96	13	72	64	2	1	56	16	26	91	42	65	57	98	55	34	93	39	39	83	97	69	29	33	54	92	69	39	60	43	47	69	68	58	65	16	42	55	
76	59	54	66	13	95	95	25	70	2	15	41	98	90	15	60	99	29	40	43	99	70	15	53	29	39	13	98	37	46	57	27	86	100	87	93	39	30	49	38	59	43	72	84	69	49	57	8	5	22	
96	96	66	66	43	91	77	76	56	71	58	94	33	38	98	32	35	35	56	88	2	97	43	32	74	77	72	72	92	46	33	5	84	85	33	83	93	76	61	50	78	26	55	10	78	35	11	74	91	82	
9	59	13	43	18	61	92	28	2	22	95	35	16	71	38	63	11	17	45	100	40	2	68	6	38	81	81	24	90	23	84	88	50	3	38	90	99	7	51	24	22	15	97	37	95	94	74	90	38	68	
68	56	95	91	61	98	43	34	93	25	82	82	37	66	62	100	27	58	30	2	27	88	80	43	92	18	34	43	5	96	70	92	100	2	22	42	41	16	27	52	20	60	22	7	80	47	39	49	70	72	
89	92	95	77	92	43	21	96	3	93	81	16	9	61	27	72	96	57	5	18	75	31	49	47	17	24	17	37	54	98	79	85	37	97	66	68	21	87	74	37	45	92	78	88	22	32	40	24	27	25	
80	58	25	76	28	34	96	20	42	52	76	43	36	47	30	1	82	16	52	66	35	27	99	83	87	5	87	81	51	47	81	87	94	93	70	76	90	17	15	65	85	10	24	79	66	14	75	95	87	25	
71	67	70	56	2	93	3	42	90	6	29	31	95	64	69	44	79	93	41	82	51	68	19	91	60	48	38	2	70	80	16	91	22	59	38	49	53	36	75	89	85	80	2	4	6	83	45	1	60	83	
10	70	2	71	22	25	93	52	6	46	61	56	51	61	30	2	61	21	82	5	19	64	38	51	20	96	54	64	87	36	62	22	54	92	4	13	58	54	75	28	69	44	50	94	88	92	37	86	54	15	
38	63	15	58	95	82	81	76	29	61	38	88	29	1	57	97	74	18	57	55	56	40	59	51	91	57	14	85	45	26	51	98	42	3	68	83	59	46	51	24	72	98	94	17	100	10	67	13	87	80	
47	43	41	94	35	82	16	43	31	56	88	52	51	21	29	62	41	55	62	14	44	10	78	20	26	10	27	27	5	45	57	90	88	61	81	76	11	19	42	42	3	69	1	37	45	6	56	51	67	97	
31	96	98	33	16	37	9	36	95	51	29	51	31	20	24	55	36	99	88	39	49	12	45	8	63	21	75	74	60	8	35	27	4	23	75	42	77	33	87	17	100	78	14	35	40	64	90	40	26	39	
61	13	90	38	71	66	61	47	64	61	1	21	20	91	78	83	32	22	41	70	21	70	85	35	77	31	11	78	52	76	79	4	38	56	55	45	85	90	11	94	69	3	97	21	76	59	90	19	74	94	
43	72	15	98	38	62	27	30	69	30	57	29	24	78	8	53	91	96	86	11	10	53	79	41	21	73	87	28	67	17	61	25	80	80	17	61	15	44	99	29	61	85	5	26	57	7	20	51	18	29	
55	64	60	32	63	100	72	1	44	2	97	62	55	83	53	62	44	19	83	12	67	74	7	91	34	63	32	67	39	85	77	48	11	12	17	34	68	66	9	62	35	40	40	10	76	53	59	17	95	23	
71	2	99	35	11	27	96	82	79	61	74	41	36	32	91	44	14	32	76	32	2	21	10	91	36	90	76	80	36	23	54	73	15	39	8	17	13	10	90	67	98	35	56	60	97	90	9	89	90	17	
84	1	29	35	17	58	57	16	93	21	18	55	99	22	96	19	32	27	62	74	43	48	11	96	35	52	18	50	60	30	85	84	51	21	76	25	91	51	55	60	48	65	60	6	43	40	50	88	94	94	
51	56	40	56	45	30	5	52	41	82	57	62	88	41	86	83	76	62	16	55	74	77	41	71	83	43	67	20	28	66	90	4	17	6	30	66	45	21	11	73	75	19	84	52	93	9	71	21	89	14	
14	16	43	88	100	2	18	66	82	5	55	14	39	70	11	12	32	74	55	26	40	76	51	73	89	16	43	22	50	29	25	30	57	35	34	66	33	40	8	70	50	49	63	82	23	83	32	41	45	82	
80	26	99	2	40	27	75	35	51	19	56	44	49	21	10	67	2	43	74	40	45	72	82	59	85	49	52	98	16	24	32	63	20	74	93	69	18	63	29	93	65	71	2	41	68	36	80	42	36	8	
20	91	70	97	2	88	31	27	68	64	40	10	12	70	53	74	21	48	77	76	72	50	43	34	77	77	28	50	55	57	68	74	85	46	88	18	38	66	93	29	55	95	100	58	18	51	21	52	31	5	
27	42	15	43	68	80	49	99	19	38	59	78	45	85	79	7	10	11	41	51	82	43	81	6	85	67	95	1	6	75	86	85	33	54	50	1	16	11	19	21	42	81	16	97	3	52	92	62	36	97	
71	65	53	32	6	43	47	83	91	51	51	20	8	35	41	91	91	96	71	73	59	34	6	16	61	58	69	51	99	2	74	72	92	77	59	6	32	57	64	89	13	97	82	25	37	22	16	10	17	35	
22	57	29	74	38	92	17	87	60	20	91	26	63	77	21	34	36	35	83	89	85	77	85	61	41	31	54	47	97	32	49	38	97	38	80	99	41	37	94	42	53	60	56	8	25	84	12	22	26	53	
7	98	39	77	81	18	24	5	48	96	57	10	21	31	73	63	90	52	43	16	49	77	67	58	31	91	43	50	45	66	45	93	63	72	82	75	94	90	93	99	43	69	36	89	55	97	30	87	21	82	
49	55	13	72	81	34	17	87	38	54	14	27	75	11	87	32	76	18	67	43	52	28	95	69	54	43	46	64	36	28	91	5	67	1	38	7	25	79	7	80	23	77	93	6	67	93	80	92	64	38	
88	34	98	72	24	43	37	81	2	64	85	27	74	78	28	67	80	50	20	22	98	50	1	51	47	50	64	57	51	90	72	50	67	70	67	49	79	59	37	57	98	35	21	84	53	4	43	2	77	30	
78	93	37	92	90	5	54	51	70	87	45	5	60	52	67	39	36	60	28	50	16	55	6	99	97	45	36	51	14	16	95	78	32	10	77	16	80	70	80	18	82	4	22	27	59	66	64	58	79	42	
27	39	46	46	23	96	98	47	80	36	26	45	8	76	17	85	23	30	66	29	24	57	75	2	32	66	28	90	16	16	54	63	58	88	12	32	37	61	52	68	93	36	30	96	61	40	54	13	40	56	
29	39	57	33	84	70	79	81	16	62	51	57	35	79	61	77	54	85	90	25	32	68	86	74	49	45	91	72	95	54	81	34	49	7	34	87	16	75	35	46	38	63	69	41	39	88	72	27	34	46	
2	83	27	5	88	92	85	87	91	22	98	90	27	4	25	48	73	84	4	30	63	74	85	72	38	93	5	50	78	63	34	39	43	16	88	32	36	20	62	44	77	76	33	45	54	79	81	68	43	50	
8	97	86	84	50	100	37	94	22	54	42	88	4	38	80	11	15	51	17	57	20	85	33	92	97	63	67	67	32	58	49	43	76	9	76	59	99	53	78	61	5	33	2	64	93	38	92	35	10	38	
34	69	100	85	3	2	97	93	59	92	3	61	23	56	80	12	39	21	6	35	74	46	54	77	38	72	1	70	10	88	7	16	9	81	26	45	20	70	51	100	2	1	85	90	30	73	37	5	42	3	
7	29	87	33	38	22	66	70	38	4	68	81	75	55	17	17	8	76	30	34	93	88	50	59	80	82	38	67	77	12	34	88	76	26	23	61	1	79	93	20	33	31	23	7	52	6	25	98	54	60	
72	33	93	83	90	42	68	76	49	13	83	76	42	45	61	34	17	25	66	66	69	18	1	6	99	75	7	49	16	32	87	32	59	45	61	71	89	22	8	25	80	20	42	81	43	78	66	60	3	7	
40	54	39	93	99	41	21	90	53	58	59	11	77	85	15	68	13	91	45	33	18	38	16	32	41	94	25	79	80	37	16	36	99	20	1	89	19	13	6	10	68	3	88	23	18	7	24	13	81	87	
34	92	30	76	7	16	87	17	36	54	46	19	33	90	44	66	10	51	21	40	63	66	11	57	37	90	79	59	70	61	75	20	53	70	79	22	13	96	83	17	59	43	16	94	51	88	71	15	12	25	
5	69	49	61	51	27	74	15	75	75	51	42	87	11	99	9	90	55	11	8	29	93	19	64	94	93	7	37	80	52	35	62	78	51	93	8	6	83	77	96	15	37	28	56	68	6	79	41	30	50	
19	39	38	50	24	52	37	65	89	28	24	42	17	94	29	62	67	60	73	70	93	29	21	89	42	99	80	57	18	68	46	44	61	100	20	25	10	17	96	10	32	30	15	98	7	68	57	13	12	24	
62	60	59	78	22	20	45	85	85	69	72	3	100	69	61	35	98	48	75	50	65	55	42	13	53	43	23	98	82	93	38	77	5	2	33	80	68	59	15	32	20	86	87	52	67	14	9	39	6	80	
48	43	43	26	15	60	92	10	80	44	98	69	78	3	85	40	35	65	19	49	71	95	81	97	60	69	77	35	4	36	63	76	33	1	31	20	3	43	37	30	86	40	25	23	31	64	37	26	34	16	
86	47	72	55	97	22	78	24	2	50	94	1	14	97	5	40	56	60	84	63	2	100	16	82	56	36	93	21	22	30	69	33	2	85	23	42	88	16	28	15	87	25	93	61	50	58	93	9	81	79	
100	69	84	10	37	7	88	79	4	94	17	37	35	21	26	10	60	6	52	82	41	58	97	25	8	89	6	84	27	96	41	45	64	90	7	81	23	94	56	98	52	23	61	77	48	82	76	61	29	80	
7	68	69	78	95	80	22	66	6	88	100	45	40	76	57	76	97	43	93	23	68	18	3	37	25	55	67	53	59	61	39	54	93	30	52	43	18	51	68	7	67	31	50	48	95	28	72	68	38	89	
3	58	49	35	94	47	32	14	83	92	10	6	64	59	7	53	90	40	9	83	36	51	52	22	84	97	93	4	66	40	88	79	38	73	6	78	7	88	6	68	14	64	58	82	28	10	86	1	12	23	
71	65	57	11	74	39	40	75	45	37	67	56	90	90	20	59	9	50	71	32	80	21	92	16	12	30	80	43	64	54	72	81	92	37	25	66	24	71	79	57	9	37	93	76	72	86	87	84	47	29	
74	16	8	74	90	49	24	95	1	86	13	51	40	19	51	17	89	88	21	41	42	52	62	10	22	87	92	2	58	13	27	68	35	5	98	60	13	15	41	13	39	26	9	61	68	1	84	5	33	62	
66	42	5	91	38	70	27	87	60	54	87	67	26	74	18	95	90	94	89	45	36	31	36	17	26	21	64	77	79	40	34	43	10	42	54	3	81	12	30	12	6	34	81	29	38	12	47	33	82	11	
36	55	22	82	68	72	25	25	83	15	80	97	39	94	29	23	17	94	14	82	8	5	97	35	53	82	38	30	42	56	46	50	38	3	60	7	87	25	50	24	80	16	79	80	89	23	29	62	11	10	
