50
1060
6	63	67	81	59	46	49	56	29	28	72	24	57	78	97	47	37	58	4	91	36	1	94	70	24	88	5	88	12	53	49	61	67	87	13	75	24	15	31	22	18	99	58	10	55	21	28	3	88	26	
60	83	40	76	65	5	83	100	70	63	26	41	63	70	56	99	19	70	37	95	85	22	38	84	76	30	56	30	3	69	21	95	25	77	33	80	42	64	52	7	53	28	49	50	20	3	50	95	37	32	
83	61	5	35	34	24	16	95	82	74	95	98	90	99	85	57	42	34	52	79	66	49	54	62	16	59	39	72	61	56	62	96	29	12	4	6	75	7	93	63	8	49	4	57	69	41	12	40	21	15	
40	5	98	50	20	6	42	93	32	27	37	42	13	66	12	81	38	33	29	62	23	62	48	10	28	35	76	46	2	57	5	33	56	45	84	17	64	28	47	3	87	54	77	75	57	7	56	39	12	57	
76	35	50	95	41	21	72	69	68	84	11	34	74	58	67	15	22	2	7	71	2	87	86	58	71	4	66	9	40	5	48	15	15	56	99	93	48	46	3	41	1	96	7	16	23	5	84	19	86	68	
65	34	20	41	37	42	100	24	48	21	23	64	79	90	26	20	22	97	60	14	19	35	93	19	7	65	43	68	15	60	89	12	63	30	51	49	26	50	41	19	81	92	4	45	92	94	1	40	8	33	
5	24	6	21	42	45	5	4	68	21	12	99	71	13	44	99	34	54	3	89	38	92	19	37	88	64	77	92	28	20	70	67	32	24	15	57	15	24	8	78	62	15	100	57	1	41	52	62	12	81	
83	16	42	72	100	5	72	11	41	43	86	94	4	51	61	27	96	80	78	12	56	1	7	34	68	4	28	40	98	13	88	26	55	83	68	77	95	47	81	11	85	97	46	98	3	85	55	46	49	6	
100	95	93	69	24	4	11	63	30	94	54	16	88	23	89	93	21	10	36	52	45	38	45	63	86	13	60	76	36	54	85	4	70	27	28	86	65	38	74	41	1	21	61	6	76	61	67	44	93	20	
70	82	32	68	48	68	41	30	94	80	50	85	77	83	53	58	75	99	13	4	4	79	69	30	53	79	50	64	59	24	27	96	86	74	28	98	72	52	72	23	89	15	22	80	14	61	21	38	45	81	
63	74	27	84	21	21	43	94	80	43	77	93	54	1	32	3	36	15	72	43	59	71	76	52	42	34	63	45	66	21	22	67	16	43	50	7	41	27	61	10	90	95	74	30	43	21	48	5	37	45	
26	95	37	11	23	12	86	54	50	77	48	90	13	31	65	27	93	11	26	94	33	51	12	61	98	36	47	90	79	83	66	35	23	95	69	72	29	3	64	81	36	93	71	61	46	82	4	35	5	95	
41	98	42	34	64	99	94	16	85	93	90	38	15	44	95	42	68	68	64	17	68	49	71	92	40	98	94	91	75	66	76	100	98	2	55	51	49	81	75	9	28	58	1	68	88	94	86	85	77	86	
63	90	13	74	79	71	4	88	77	54	13	15	20	38	34	98	49	58	25	58	14	30	74	97	56	49	82	60	15	35	38	10	42	55	75	84	72	75	99	99	78	55	36	38	78	5	84	79	11	64	
70	99	66	58	90	13	51	23	83	1	31	44	38	34	99	88	57	32	72	55	52	33	47	55	32	85	19	35	80	76	80	31	50	24	68	24	83	32	84	9	29	46	65	14	15	10	16	22	75	72	
56	85	12	67	26	44	61	89	53	32	65	95	34	99	57	92	13	100	9	37	39	41	32	66	74	86	3	61	23	99	24	1	18	95	51	21	42	38	73	46	57	8	68	69	24	64	53	69	40	27	
99	57	81	15	20	99	27	93	58	3	27	42	98	88	92	16	99	35	74	77	84	56	93	89	71	8	42	40	46	30	82	98	5	22	50	23	47	61	30	70	95	33	62	99	90	55	3	2	32	29	
19	42	38	22	22	34	96	21	75	36	93	68	49	57	13	99	9	4	30	51	51	59	35	91	45	94	82	97	57	32	100	55	90	2	65	17	39	25	32	44	86	39	83	62	55	20	84	58	79	56	
70	34	33	2	97	54	80	10	99	15	11	68	58	32	100	35	4	58	18	15	26	90	45	47	62	65	6	30	22	22	51	86	43	87	15	33	62	40	50	11	85	52	17	64	95	35	53	88	6	89	
37	52	29	7	60	3	78	36	13	72	26	64	25	72	9	74	30	18	65	28	57	42	81	97	10	66	28	93	75	10	4	53	67	84	100	10	48	34	18	81	92	28	52	27	15	2	86	12	62	11	
95	79	62	71	14	89	12	52	4	43	94	17	58	55	37	77	51	15	28	76	10	3	4	65	75	62	26	95	68	44	39	42	15	34	63	32	39	83	62	47	2	44	34	74	63	78	6	86	98	48	
85	66	23	2	19	38	56	45	4	59	33	68	14	52	39	84	51	26	57	10	23	84	76	16	85	6	30	34	93	98	87	31	33	32	86	94	24	97	63	67	37	89	65	71	58	18	39	64	72	96	
22	49	62	87	35	92	1	38	79	71	51	49	30	33	41	56	59	90	42	3	84	19	23	71	16	5	77	71	76	24	2	59	63	2	24	54	90	2	92	26	78	53	92	25	18	7	60	65	16	95	
38	54	48	86	93	19	7	45	69	76	12	71	74	47	32	93	35	45	81	4	76	23	74	75	19	69	7	12	63	33	19	47	78	55	15	61	36	100	19	34	75	99	98	4	1	19	39	83	88	35	
84	62	10	58	19	37	34	63	30	52	61	92	97	55	66	89	91	47	97	65	16	71	75	39	42	65	11	37	41	56	30	90	4	53	46	81	88	63	87	90	48	3	35	91	32	50	81	47	30	48	
76	16	28	71	7	88	68	86	53	42	98	40	56	32	74	71	45	62	10	75	85	16	19	42	28	92	54	79	85	63	41	7	27	22	38	66	60	26	47	81	48	27	88	19	25	82	66	7	54	20	
30	59	35	4	65	64	4	13	79	34	36	98	49	85	86	8	94	65	66	62	6	5	69	65	92	96	89	66	38	88	24	77	61	41	96	20	54	51	73	17	41	27	91	49	31	33	58	72	13	43	
56	39	76	66	43	77	28	60	50	63	47	94	82	19	3	42	82	6	28	26	30	77	7	11	54	89	66	59	93	40	35	20	3	71	6	50	26	73	42	62	40	82	34	19	4	36	97	72	35	70	
30	72	46	9	68	92	40	76	64	45	90	91	60	35	61	40	97	30	93	95	34	71	12	37	79	66	59	33	76	45	73	53	81	3	4	80	96	1	47	88	2	59	58	48	28	68	62	73	84	79	
3	61	2	40	15	28	98	36	59	66	79	75	15	80	23	46	57	22	75	68	93	76	63	41	85	38	93	76	78	34	11	57	96	70	34	39	26	55	3	25	67	69	79	23	75	28	97	60	46	46	
69	56	57	5	60	20	13	54	24	21	83	66	35	76	99	30	32	22	10	44	98	24	33	56	63	88	40	45	34	21	15	12	16	47	40	4	81	63	29	92	16	85	33	99	5	83	28	9	80	23	
21	62	5	48	89	70	88	85	27	22	66	76	38	80	24	82	100	51	4	39	87	2	19	30	41	24	35	73	11	15	5	46	40	72	63	36	45	66	96	38	69	75	47	80	30	74	46	10	80	28	
95	96	33	15	12	67	26	4	96	67	35	100	10	31	1	98	55	86	53	42	31	59	47	90	7	77	20	53	57	12	46	52	90	1	93	59	95	15	61	28	86	23	3	86	21	26	1	66	21	84	
25	29	56	15	63	32	55	70	86	16	23	98	42	50	18	5	90	43	67	15	33	63	78	4	27	61	3	81	96	16	40	90	68	83	23	47	96	71	19	8	25	65	52	79	9	13	66	21	72	40	
77	12	45	56	30	24	83	27	74	43	95	2	55	24	95	22	2	87	84	34	32	2	55	53	22	41	71	3	70	47	72	1	83	74	45	34	14	100	29	91	49	19	95	15	8	75	41	13	92	19	
33	4	84	99	51	15	68	28	28	50	69	55	75	68	51	50	65	15	100	63	86	24	15	46	38	96	6	4	34	40	63	93	23	45	65	80	21	99	86	8	12	50	47	72	33	19	23	60	9	34	
80	6	17	93	49	57	77	86	98	7	72	51	84	24	21	23	17	33	10	32	94	54	61	81	66	20	50	80	39	4	36	59	47	34	80	69	25	45	36	73	44	5	58	9	78	10	100	12	78	83	
42	75	64	48	26	15	95	65	72	41	29	49	72	83	42	47	39	62	48	39	24	90	36	88	60	54	26	96	26	81	45	95	96	14	21	25	6	94	10	61	98	43	44	30	85	64	75	99	99	63	
64	7	28	46	50	24	47	38	52	27	3	81	75	32	38	61	25	40	34	83	97	2	100	63	26	51	73	1	55	63	66	15	71	100	99	45	94	48	22	99	70	23	44	19	9	99	7	56	1	13	
52	93	47	3	41	8	81	74	72	61	64	75	99	84	73	30	32	50	18	62	63	92	19	87	47	73	42	47	3	29	96	61	19	29	86	36	10	22	93	73	30	16	55	7	18	82	93	63	41	51	
7	63	3	41	19	78	11	41	23	10	81	9	99	9	46	70	44	11	81	47	67	26	34	90	81	17	62	88	25	92	38	28	8	91	8	73	61	99	73	45	10	67	13	41	18	82	88	44	17	34	
53	8	87	1	81	62	85	1	89	90	36	28	78	29	57	95	86	85	92	2	37	78	75	48	48	41	40	2	67	16	69	86	25	49	12	44	98	70	30	10	1	66	9	33	59	55	12	23	45	23	
28	49	54	96	92	15	97	21	15	95	93	58	55	46	8	33	39	52	28	44	89	53	99	3	27	27	82	59	69	85	75	23	65	19	50	5	43	23	16	67	66	43	85	70	58	21	20	59	38	100	
49	4	77	7	4	100	46	61	22	74	71	1	36	65	68	62	83	17	52	34	65	92	98	35	88	91	34	58	79	33	47	3	52	95	47	58	44	44	55	13	9	85	88	76	59	66	55	7	85	6	
50	57	75	16	45	57	98	6	80	30	61	68	38	14	69	99	62	64	27	74	71	25	4	91	19	49	19	48	23	99	80	86	79	15	72	9	30	19	7	41	33	70	76	39	71	62	89	51	70	84	
20	69	57	23	92	1	3	76	14	43	46	88	78	15	24	90	55	95	15	63	58	18	1	32	25	31	4	28	75	5	30	21	9	8	33	78	85	9	18	18	59	58	59	71	89	99	46	99	9	4	
3	41	7	5	94	41	85	61	61	21	82	94	5	10	64	55	20	35	2	78	18	7	19	50	82	33	36	68	28	83	74	26	13	75	19	10	64	99	82	82	55	21	66	62	99	64	82	54	15	63	
50	12	56	84	1	52	55	67	21	48	4	86	84	16	53	3	84	53	86	6	39	60	39	81	66	58	97	62	97	28	46	1	66	41	23	100	75	7	93	88	12	20	55	89	46	82	69	95	20	10	
95	40	39	19	40	62	46	44	38	5	35	85	79	22	69	2	58	88	12	86	64	65	83	47	7	72	72	73	60	9	10	66	21	13	60	12	99	56	63	44	23	59	7	51	99	54	95	87	92	1	
37	21	12	86	8	12	49	93	45	37	5	77	11	75	40	32	79	6	62	98	72	16	88	30	54	13	35	84	46	80	80	21	72	92	9	78	99	1	41	17	45	38	85	70	9	15	20	92	66	84	
32	15	57	68	33	81	6	20	81	45	95	86	64	72	27	29	56	89	11	48	96	95	35	48	20	43	70	79	46	23	28	84	40	19	34	83	63	13	51	34	23	100	6	84	4	63	10	1	84	8	
