50
1515
35	21	56	41	30	38	41	73	68	29	85	81	13	14	14	72	80	95	66	31	52	63	82	17	49	70	38	70	51	62	7	89	38	17	35	35	62	96	3	69	56	66	93	84	29	36	53	98	95	23	
37	23	8	88	43	28	84	84	91	88	23	32	93	50	66	21	90	36	6	21	42	46	16	55	75	60	92	60	60	20	93	72	53	66	68	59	99	22	55	63	58	38	54	16	58	36	80	40	100	91	
23	45	16	24	23	9	52	21	90	82	53	77	39	31	53	23	89	55	81	96	15	20	52	70	1	26	40	42	18	81	19	5	27	49	10	71	60	2	54	29	3	5	17	25	46	5	1	58	19	98	
8	16	23	66	49	68	25	31	9	26	61	4	88	37	98	56	45	43	43	72	11	34	6	38	58	60	58	3	10	86	46	2	78	55	45	72	99	51	100	8	61	70	97	35	12	4	76	9	70	76	
88	24	66	58	57	36	99	18	38	57	51	70	36	29	21	48	19	25	61	66	100	16	46	8	51	51	71	87	36	37	6	17	10	46	18	54	88	92	83	97	38	34	93	12	61	20	73	33	83	86	
43	23	49	57	61	33	75	17	14	31	17	53	96	58	15	9	81	96	8	32	31	5	96	57	2	1	20	21	21	46	10	90	100	99	39	88	46	62	37	20	21	56	11	76	8	38	35	6	33	27	
28	9	68	36	33	33	57	95	2	19	35	32	11	84	29	84	29	2	98	37	37	53	79	79	71	40	61	47	44	42	59	67	30	39	93	93	94	74	77	22	27	13	56	54	24	42	78	86	47	50	
84	52	25	99	75	57	2	42	30	46	9	51	71	14	72	13	79	7	50	6	86	94	34	84	92	22	89	31	64	69	68	45	36	23	9	37	55	78	36	80	39	18	5	37	26	23	84	76	20	100	
84	21	31	18	17	95	42	41	90	65	69	32	50	63	23	49	17	12	2	16	45	97	10	13	20	10	34	16	31	59	18	35	60	65	7	50	65	81	30	28	46	76	40	68	92	1	73	79	76	77	
91	90	9	38	14	2	30	90	94	49	88	73	99	74	49	90	37	76	54	92	32	34	6	60	49	2	87	37	80	76	57	89	37	36	22	68	65	91	72	71	74	41	13	28	55	10	82	38	63	39	
88	82	26	57	31	19	46	65	49	38	46	72	96	4	90	93	17	39	100	2	6	76	58	74	75	55	29	64	15	4	39	100	50	9	11	77	93	99	68	51	98	26	87	47	70	58	51	56	39	60	
23	53	61	51	17	35	9	69	88	46	62	99	36	11	5	26	92	15	31	47	91	92	79	34	95	79	65	82	59	60	91	32	5	68	69	33	44	4	38	27	13	78	1	33	48	27	4	84	48	96	
32	77	4	70	53	32	51	32	73	72	99	49	75	15	100	50	16	79	53	74	4	42	46	92	37	60	38	94	54	67	89	16	15	78	81	100	65	31	84	80	4	79	76	3	34	82	36	69	72	8	
93	39	88	36	96	11	71	50	99	96	36	75	98	81	61	95	40	95	5	88	14	24	97	38	39	93	35	43	36	35	82	62	48	50	21	95	90	74	23	2	55	22	95	11	37	15	61	51	5	8	
50	31	37	29	58	84	14	63	74	4	11	15	81	100	59	81	49	54	89	33	89	56	36	17	74	91	22	11	19	17	64	76	60	6	10	41	89	97	100	22	12	57	18	90	2	43	12	67	10	55	
66	53	98	21	15	29	72	23	49	90	5	100	61	59	22	95	51	55	21	35	90	98	93	98	73	24	27	69	57	8	8	70	77	67	74	95	100	12	87	32	14	7	70	59	71	55	39	55	25	57	
21	23	56	48	9	84	13	49	90	93	26	50	95	81	95	3	19	15	24	61	39	96	62	60	55	18	16	2	91	40	39	37	16	36	25	72	7	41	73	94	87	51	8	34	71	10	58	90	72	87	
90	89	45	19	81	29	79	17	37	17	92	16	40	49	51	19	37	76	48	22	67	100	7	13	71	2	24	45	51	51	20	95	46	35	43	30	46	20	5	99	92	29	72	28	50	2	61	28	48	81	
36	55	43	25	96	2	7	12	76	39	15	79	95	54	55	15	76	43	42	97	11	14	48	50	67	62	10	17	79	42	37	53	23	23	38	61	76	33	8	50	55	65	42	78	91	62	50	34	59	97	
6	81	43	61	8	98	50	2	54	100	31	53	5	89	21	24	48	42	90	82	83	62	45	89	23	94	8	18	80	100	93	30	7	78	99	93	45	68	82	49	16	74	86	73	33	8	46	1	71	59	
21	96	72	66	32	37	6	16	92	2	47	74	88	33	35	61	22	97	82	31	38	66	27	9	91	55	56	46	14	33	99	24	91	58	48	25	90	3	63	44	12	75	30	29	99	13	61	78	90	57	
42	15	11	100	31	37	86	45	32	6	91	4	14	89	90	39	67	11	83	38	40	80	89	91	75	41	56	54	14	20	82	89	89	1	39	45	90	13	29	16	26	65	43	15	23	47	25	84	29	86	
46	20	34	16	5	53	94	97	34	76	92	42	24	56	98	96	100	14	62	66	80	52	22	56	99	66	81	68	55	66	18	40	51	14	89	9	87	3	7	60	79	16	34	82	17	8	85	7	86	84	
16	52	6	46	96	79	34	10	6	58	79	46	97	36	93	62	7	48	45	27	89	22	71	7	46	78	61	13	79	20	17	28	47	89	37	81	71	78	64	30	40	68	55	77	88	15	7	91	90	86	
55	70	38	8	57	79	84	13	60	74	34	92	38	17	98	60	13	50	89	9	91	56	7	48	43	90	57	69	73	91	93	90	73	8	84	10	77	9	48	74	99	100	63	19	12	50	39	56	39	44	
75	1	58	51	2	71	92	20	49	75	95	37	39	74	73	55	71	67	23	91	75	99	46	43	16	99	30	51	72	70	53	46	74	66	94	54	28	76	40	55	47	42	69	62	22	19	1	11	90	37	
60	26	60	51	1	40	22	10	2	55	79	60	93	91	24	18	2	62	94	55	41	66	78	90	99	38	46	20	25	75	68	60	68	73	30	88	10	74	35	35	35	8	56	24	46	73	69	44	80	8	
92	40	58	71	20	61	89	34	87	29	65	38	35	22	27	16	24	10	8	56	56	81	61	57	30	46	19	27	22	85	43	46	26	33	24	4	40	49	51	2	22	5	33	18	78	17	71	52	45	92	
60	42	3	87	21	47	31	16	37	64	82	94	43	11	69	2	45	17	18	46	54	68	13	69	51	20	27	53	94	95	5	66	46	91	46	97	57	92	62	52	53	75	72	61	3	51	63	28	67	58	
60	18	10	36	21	44	64	31	80	15	59	54	36	19	57	91	51	79	80	14	14	55	79	73	72	25	22	94	67	15	59	5	18	90	81	48	46	39	85	1	16	80	69	67	26	75	78	94	23	96	
20	81	86	37	46	42	69	59	76	4	60	67	35	17	8	40	51	42	100	33	20	66	20	91	70	75	85	95	15	51	80	4	36	76	55	58	99	5	40	96	97	2	78	36	65	79	27	18	47	24	
93	19	46	6	10	59	68	18	57	39	91	89	82	64	8	39	20	37	93	99	82	18	17	93	53	68	43	5	59	80	90	72	54	63	23	9	74	54	73	99	73	45	67	46	91	57	63	72	89	53	
72	5	2	17	90	67	45	35	89	100	32	16	62	76	70	37	95	53	30	24	89	40	28	90	46	60	46	66	5	4	72	22	50	20	12	86	7	42	48	20	11	37	38	88	79	35	59	62	44	39	
53	27	78	10	100	30	36	60	37	50	5	15	48	60	77	16	46	23	7	91	89	51	47	73	74	68	26	46	18	36	54	50	44	94	46	6	82	89	27	73	42	3	22	42	8	12	87	79	82	31	
66	49	55	46	99	39	23	65	36	9	68	78	50	6	67	36	35	23	78	58	1	14	89	8	66	73	33	91	90	76	63	20	94	16	86	58	33	92	19	4	83	15	85	95	44	90	7	82	44	41	
68	10	45	18	39	93	9	7	22	11	69	81	21	10	74	25	43	38	99	48	39	89	37	84	94	30	24	46	81	55	23	12	46	86	81	72	27	52	31	72	63	55	71	84	60	67	77	58	73	82	
59	71	72	54	88	93	37	50	68	77	33	100	95	41	95	72	30	61	93	25	45	9	81	10	54	88	4	97	48	58	9	86	6	58	72	85	74	1	25	86	24	78	62	23	51	63	73	91	35	37	
99	60	99	88	46	94	55	65	65	93	44	65	90	89	100	7	46	76	45	90	90	87	71	77	28	10	40	57	46	99	74	7	82	33	27	74	8	9	45	29	20	20	97	11	95	42	36	61	40	79	
22	2	51	92	62	74	78	81	91	99	4	31	74	97	12	41	20	33	68	3	13	3	78	9	76	74	49	92	39	5	54	42	89	92	52	1	9	39	26	31	73	30	39	39	43	14	37	64	29	66	
55	54	100	83	37	77	36	30	72	68	38	84	23	100	87	73	5	8	82	63	29	7	64	48	40	35	51	62	85	40	73	48	27	19	31	25	45	26	74	88	70	5	73	27	80	82	8	29	33	28	
63	29	8	97	20	22	80	28	71	51	27	80	2	22	32	94	99	50	49	44	16	60	30	74	55	35	2	52	1	96	99	20	73	4	72	86	29	31	88	12	5	31	49	3	81	44	43	85	64	82	
58	3	61	38	21	27	39	46	74	98	13	4	55	12	14	87	92	55	16	12	26	79	40	99	47	35	22	53	16	97	73	11	42	83	63	24	20	73	70	5	75	93	91	2	4	94	64	30	32	16	
38	5	70	34	56	13	18	76	41	26	78	79	22	57	7	51	29	65	74	75	65	16	68	100	42	8	5	75	80	2	45	37	3	15	55	78	20	30	5	31	93	18	42	1	19	7	82	17	21	81	
54	17	97	93	11	56	5	40	13	87	1	76	95	18	70	8	72	42	86	30	43	34	55	63	69	56	33	72	69	78	67	38	22	85	71	62	97	39	73	49	91	42	97	14	7	17	77	47	23	52	
16	25	35	12	76	54	37	68	28	47	33	3	11	90	59	34	28	78	73	29	15	82	77	19	62	24	18	61	67	36	46	88	42	95	84	23	11	39	27	3	2	1	14	55	12	98	54	45	93	82	
58	46	12	61	8	24	26	92	55	70	48	34	37	2	71	71	50	91	33	99	23	17	88	12	22	46	78	3	26	65	91	79	8	44	60	51	95	43	80	81	4	19	7	12	89	69	16	46	67	24	
36	5	4	20	38	42	23	1	10	58	27	82	15	43	55	10	2	62	8	13	47	8	15	50	19	73	17	51	75	79	57	35	12	90	67	63	42	14	82	44	94	7	17	98	69	59	34	20	78	82	
80	1	76	73	35	78	84	73	82	51	4	36	61	12	39	58	61	50	46	61	25	85	7	39	1	69	71	63	78	27	63	59	87	7	77	73	36	37	8	43	64	82	77	54	16	34	64	21	88	23	
40	58	9	33	6	86	76	79	38	56	84	69	51	67	55	90	28	34	1	78	84	7	91	56	11	44	52	28	94	18	72	62	79	82	58	91	61	64	29	85	30	17	47	45	46	20	21	42	35	51	
100	19	70	83	33	47	20	76	63	39	48	72	5	10	25	72	48	59	71	90	29	86	90	39	90	80	45	67	23	47	89	44	82	44	73	35	40	29	33	64	32	21	23	93	67	78	88	35	6	45	
91	98	76	86	27	50	100	77	39	60	96	8	8	55	57	87	81	97	59	57	86	84	86	44	37	8	92	58	96	24	53	39	31	41	82	37	79	66	28	82	16	81	52	82	24	82	23	51	45	37	
