50
1215
23	77	24	67	37	79	62	73	33	59	18	99	92	55	33	71	62	28	11	18	58	68	2	68	25	64	2	100	2	86	63	16	93	81	49	84	76	93	36	37	23	80	48	55	91	71	60	11	94	23	
2	39	59	22	18	60	44	82	73	30	61	16	1	76	46	20	37	15	89	20	79	48	16	13	74	82	8	77	90	93	27	3	41	7	82	72	64	40	83	19	7	17	55	44	1	11	85	45	80	91	
39	7	94	22	74	82	90	27	17	30	85	52	48	29	73	21	15	2	42	98	33	62	63	34	82	64	19	74	54	7	20	27	4	26	35	54	49	64	11	35	93	61	50	90	26	61	92	7	98	64	
59	94	43	19	53	17	98	14	82	74	24	12	54	49	91	18	11	15	16	47	48	31	23	95	13	87	87	72	91	47	14	46	83	46	40	89	62	32	41	43	58	80	58	94	59	98	84	80	45	88	
22	22	19	11	40	37	84	70	2	49	22	44	35	64	65	15	92	39	71	1	1	80	37	97	20	16	82	2	96	73	34	80	79	96	90	93	91	18	3	100	34	66	85	63	57	13	25	49	4	99	
18	74	53	40	65	60	8	89	7	40	95	32	55	46	91	37	17	51	29	48	56	34	52	93	13	71	81	72	74	33	55	36	61	54	89	71	47	16	28	25	3	37	83	28	26	60	33	13	1	78	
60	82	17	37	60	19	70	21	18	1	83	65	4	76	5	22	39	49	57	51	43	3	32	33	73	62	56	57	21	60	73	77	96	67	13	97	84	52	90	5	24	54	25	72	49	27	21	74	85	57	
44	90	98	84	8	70	77	17	33	56	18	70	46	96	13	83	75	88	76	21	50	31	54	95	68	80	40	92	9	18	14	47	9	97	91	14	31	87	69	5	81	46	68	47	97	26	36	15	63	43	
82	27	14	70	89	21	17	44	57	21	20	55	54	9	59	60	4	32	6	78	2	52	40	44	80	57	65	39	92	70	12	36	35	20	6	45	1	1	47	53	36	62	12	93	39	23	34	64	32	96	
73	17	82	2	7	18	33	57	33	64	27	84	16	99	21	88	67	17	48	64	61	38	94	100	72	28	67	69	90	8	87	5	64	22	35	15	9	78	47	82	91	7	52	23	94	11	70	77	59	3	
30	30	74	49	40	1	56	21	64	65	4	57	81	37	34	48	75	7	9	70	8	66	56	73	12	81	38	10	44	97	58	54	66	39	36	46	34	84	70	3	71	59	35	34	2	42	36	89	36	52	
61	85	24	22	95	83	18	20	27	4	21	84	51	54	90	41	15	20	39	73	89	28	13	46	78	50	10	59	58	79	78	1	70	96	65	97	39	64	52	30	16	62	91	17	57	60	96	96	77	6	
16	52	12	44	32	65	70	55	84	57	84	62	96	70	41	58	25	77	6	24	20	3	1	11	62	41	12	46	93	23	82	95	63	79	89	60	94	39	67	90	66	48	39	61	21	20	38	91	55	21	
1	48	54	35	55	4	46	54	16	81	51	96	43	47	21	58	89	1	78	55	95	49	23	45	78	80	66	45	17	61	60	64	27	36	35	60	28	57	78	14	90	4	10	87	46	87	18	72	58	27	
76	29	49	64	46	76	96	9	99	37	54	70	47	23	28	50	85	65	7	52	18	5	40	100	48	32	67	14	67	34	55	7	8	46	13	96	15	11	49	47	27	26	97	5	37	92	90	89	24	81	
46	73	91	65	91	5	13	59	21	34	90	41	21	28	29	4	34	85	44	85	17	95	99	75	58	74	54	62	44	18	31	54	89	72	19	60	88	99	33	9	46	53	49	67	54	29	31	92	30	82	
20	21	18	15	37	22	83	60	88	48	41	58	58	50	4	85	100	24	99	76	29	63	6	30	42	39	64	70	30	69	53	64	98	14	38	100	84	5	21	47	8	22	75	53	99	54	63	73	63	97	
37	15	11	92	17	39	75	4	67	75	15	25	89	85	34	100	32	64	50	10	6	73	75	16	94	92	19	81	61	2	75	9	16	93	63	79	71	14	58	49	52	32	69	89	83	41	95	9	59	90	
15	2	15	39	51	49	88	32	17	7	20	77	1	65	85	24	64	28	87	65	81	98	4	40	97	19	38	76	89	63	96	87	96	98	14	17	21	14	9	70	90	10	60	51	35	29	62	54	77	42	
89	42	16	71	29	57	76	6	48	9	39	6	78	7	44	99	50	87	60	18	28	23	57	38	43	24	8	3	53	21	6	32	19	27	77	96	18	18	48	50	48	49	16	34	87	24	15	27	63	25	
20	98	47	1	48	51	21	78	64	70	73	24	55	52	85	76	10	65	18	17	84	3	82	68	65	98	89	28	75	39	25	57	36	96	8	38	67	50	58	22	86	50	69	75	69	19	45	23	64	82	
79	33	48	1	56	43	50	2	61	8	89	20	95	18	17	29	6	81	28	84	53	98	87	16	44	23	39	68	40	43	69	90	60	30	98	65	31	3	71	58	72	37	73	76	47	99	69	90	82	31	
48	62	31	80	34	3	31	52	38	66	28	3	49	5	95	63	73	98	23	3	98	77	48	80	53	84	57	100	69	23	66	80	15	45	16	28	79	99	15	91	78	54	80	72	5	37	67	34	78	50	
16	63	23	37	52	32	54	40	94	56	13	1	23	40	99	6	75	4	57	82	87	48	42	98	98	10	40	18	81	26	45	62	38	96	97	22	81	29	4	89	97	24	90	29	15	73	44	39	15	50	
13	34	95	97	93	33	95	44	100	73	46	11	45	100	75	30	16	40	38	68	16	80	98	15	81	1	37	84	48	90	10	82	55	74	53	64	44	30	41	79	2	74	83	4	69	57	20	50	96	48	
74	82	13	20	13	73	68	80	72	12	78	62	78	48	58	42	94	97	43	65	44	53	98	81	21	31	53	44	66	1	48	88	74	28	22	21	14	24	60	23	62	8	18	75	29	77	42	42	86	56	
82	64	87	16	71	62	80	57	28	81	50	41	80	32	74	39	92	19	24	98	23	84	10	1	31	95	3	8	24	25	48	35	29	96	45	82	25	76	96	10	8	79	8	62	57	22	88	52	32	80	
8	19	87	82	81	56	40	65	67	38	10	12	66	67	54	64	19	38	8	89	39	57	40	37	53	3	98	92	20	97	75	68	50	4	91	38	88	98	10	26	86	7	57	90	21	18	100	83	66	3	
77	74	72	2	72	57	92	39	69	10	59	46	45	14	62	70	81	76	3	28	68	100	18	84	44	8	92	35	60	15	14	86	68	6	47	38	65	29	84	83	52	92	54	22	14	46	33	88	82	76	
90	54	91	96	74	21	9	92	90	44	58	93	17	67	44	30	61	89	53	75	40	69	81	48	66	24	20	60	77	66	22	85	58	48	76	62	54	7	100	46	62	68	87	13	3	33	76	15	22	61	
93	7	47	73	33	60	18	70	8	97	79	23	61	34	18	69	2	63	21	39	43	23	26	90	1	25	97	15	66	92	74	76	4	60	31	73	52	22	67	18	72	71	58	37	33	29	52	37	63	61	
27	20	14	34	55	73	14	12	87	58	78	82	60	55	31	53	75	96	6	25	69	66	45	10	48	48	75	14	22	74	67	97	55	8	70	74	73	22	85	17	90	19	71	66	78	52	16	8	94	35	
3	27	46	80	36	77	47	36	5	54	1	95	64	7	54	64	9	87	32	57	90	80	62	82	88	35	68	86	85	76	97	18	51	58	35	87	11	8	65	5	15	22	27	25	95	40	93	8	43	16	
41	4	83	79	61	96	9	35	64	66	70	63	27	8	89	98	16	96	19	36	60	15	38	55	74	29	50	68	58	4	55	51	3	11	84	18	58	47	31	89	91	54	56	19	16	76	81	12	80	40	
7	26	46	96	54	67	97	20	22	39	96	79	36	46	72	14	93	98	27	96	30	45	96	74	28	96	4	6	48	60	8	58	11	29	61	76	28	88	20	10	95	72	53	25	12	50	1	81	61	20	
82	35	40	90	89	13	91	6	35	36	65	89	35	13	19	38	63	14	77	8	98	16	97	53	22	45	91	47	76	31	70	35	84	61	25	33	22	50	62	59	7	31	46	1	84	77	84	85	65	100	
72	54	89	93	71	97	14	45	15	46	97	60	60	96	60	100	79	17	96	38	65	28	22	64	21	82	38	38	62	73	74	87	18	76	33	12	94	88	42	26	5	57	7	82	77	88	29	100	69	63	
64	49	62	91	47	84	31	1	9	34	39	94	28	15	88	84	71	21	18	67	31	79	81	44	14	25	88	65	54	52	73	11	58	28	22	94	49	48	54	14	49	10	48	73	10	2	4	46	60	30	
40	64	32	18	16	52	87	1	78	84	64	39	57	11	99	5	14	14	18	50	3	99	29	30	24	76	98	29	7	22	22	8	47	88	50	88	48	11	6	52	3	5	97	67	97	40	15	35	20	44	
83	11	41	3	28	90	69	47	47	70	52	67	78	49	33	21	58	9	48	58	71	15	4	41	60	96	10	84	100	67	85	65	31	20	62	42	54	6	85	74	6	28	46	8	70	66	72	46	74	87	
19	35	43	100	25	5	5	53	82	3	30	90	14	47	9	47	49	70	50	22	58	91	89	79	23	10	26	83	46	18	17	5	89	10	59	26	14	52	74	22	16	91	6	7	10	57	21	10	61	77	
7	93	58	34	3	24	81	36	91	71	16	66	90	27	46	8	52	90	48	86	72	78	97	2	62	8	86	52	62	72	90	15	91	95	7	5	49	3	6	16	16	68	38	79	70	36	16	74	10	6	
17	61	80	66	37	54	46	62	7	59	62	48	4	26	53	22	32	10	49	50	37	54	24	74	8	79	7	92	68	71	19	22	54	72	31	57	10	5	28	91	68	4	66	4	37	31	51	15	20	13	
55	50	58	85	83	25	68	12	52	35	91	39	10	97	49	75	69	60	16	69	73	80	90	83	18	8	57	54	87	58	71	27	56	53	46	7	48	97	46	6	38	66	57	22	57	55	35	50	28	95	
44	90	94	63	28	72	47	93	23	34	17	61	87	5	67	53	89	51	34	75	76	72	29	4	75	62	90	22	13	37	66	25	19	25	1	82	73	67	8	7	79	4	22	82	76	31	37	79	67	15	
1	26	59	57	26	49	97	39	94	2	57	21	46	37	54	99	83	35	87	69	47	5	15	69	29	57	21	14	3	33	78	95	16	12	84	77	10	97	70	10	70	37	57	76	39	72	73	73	12	48	
11	61	98	13	60	27	26	23	11	42	60	20	87	92	29	54	41	29	24	19	99	37	73	57	77	22	18	46	33	29	52	40	76	50	77	88	2	40	66	57	36	31	55	31	72	36	71	33	60	48	
85	92	84	25	33	21	36	34	70	36	96	38	18	90	31	63	95	62	15	45	69	67	44	20	42	88	100	33	76	52	16	93	81	1	84	29	4	15	72	21	16	51	35	37	73	71	11	78	39	1	
45	7	80	49	13	74	15	64	77	89	96	91	72	89	92	73	9	54	27	23	90	34	39	50	42	52	83	88	15	37	8	8	12	81	85	100	46	35	46	10	74	15	50	79	73	33	78	47	22	54	
80	98	45	4	1	85	63	32	59	36	77	55	58	24	30	63	59	77	63	64	82	78	15	96	86	32	66	82	22	63	94	43	80	61	65	69	60	20	74	61	10	20	28	67	12	60	39	22	13	78	
91	64	88	99	78	57	43	96	3	52	6	21	27	81	82	97	90	42	25	82	31	50	50	48	56	80	3	76	61	61	35	16	40	20	100	63	30	44	87	77	6	13	95	15	48	48	1	54	78	29	
