50
1326
84	86	66	16	74	65	72	86	49	14	8	19	8	24	45	74	20	17	55	17	45	9	56	69	37	80	16	97	65	1	2	26	48	55	82	15	23	74	28	60	10	70	43	49	94	18	57	6	61	77	
100	99	20	19	18	7	53	25	61	96	42	11	29	46	92	26	67	7	12	76	21	9	59	93	71	38	100	38	18	6	100	83	55	21	20	3	31	49	93	17	80	73	64	78	60	3	94	84	10	75	
99	55	25	23	96	37	29	82	45	13	18	81	61	43	84	19	98	91	9	50	3	82	74	65	84	4	36	20	24	67	29	53	68	36	26	60	14	98	31	72	70	99	67	45	46	20	87	52	71	83	
20	25	56	17	29	10	25	62	98	24	6	64	92	38	100	44	14	31	8	19	40	56	6	69	91	78	76	38	61	85	1	44	70	61	49	81	10	3	7	56	31	83	37	67	32	36	16	35	80	40	
19	23	17	71	7	99	3	82	52	88	33	92	70	79	14	14	24	77	37	82	68	34	30	40	67	95	63	8	92	32	77	12	92	86	69	58	6	25	66	91	57	36	93	21	20	50	52	45	35	89	
18	96	29	7	4	13	41	40	52	70	83	96	78	37	52	75	14	5	66	65	49	23	37	5	80	64	55	100	80	6	36	76	65	27	20	13	24	39	69	57	68	100	16	74	71	47	20	24	1	26	
7	37	10	99	13	16	55	61	80	87	79	26	26	100	79	25	27	34	16	60	10	2	68	19	64	86	4	2	73	27	40	22	45	85	76	87	81	76	25	2	38	1	74	40	13	77	51	51	34	22	
53	29	25	3	41	55	9	86	37	44	34	85	66	58	60	56	22	2	34	44	35	16	100	32	88	51	43	91	43	52	91	71	26	33	56	29	72	9	13	34	6	47	96	95	8	26	46	24	3	12	
25	82	62	82	40	61	86	94	39	54	81	16	76	99	7	98	88	53	35	34	47	81	59	95	72	28	59	1	93	97	70	86	100	33	72	98	78	60	9	18	69	65	32	52	45	34	57	100	27	18	
61	45	98	52	52	80	37	39	71	7	2	46	44	50	17	65	41	15	17	43	26	79	64	20	99	5	32	41	87	55	26	14	19	74	74	52	70	95	40	80	34	32	16	29	58	9	50	80	2	96	
96	13	24	88	70	87	44	54	7	15	28	47	54	20	51	47	22	31	17	8	83	44	22	75	18	8	28	22	83	82	63	25	10	96	29	34	89	81	54	56	21	72	6	27	87	69	32	3	27	5	
42	18	6	33	83	79	34	81	2	28	23	60	43	55	4	40	50	74	4	90	34	61	94	40	15	92	60	62	98	98	44	97	98	1	61	46	5	19	49	16	55	69	65	83	79	83	98	93	76	26	
11	81	64	92	96	26	85	16	46	47	60	85	53	93	25	10	74	4	36	5	66	21	39	90	59	3	52	61	41	100	76	2	70	32	61	98	67	87	31	73	45	92	5	52	25	23	37	13	32	73	
29	61	92	70	78	26	66	76	44	54	43	53	22	90	79	72	3	46	57	95	22	97	6	46	24	83	5	68	56	81	73	44	56	90	90	63	54	6	24	39	13	54	65	81	30	32	85	73	27	43	
46	43	38	79	37	100	58	99	50	20	55	93	90	100	57	67	68	74	72	96	80	40	21	52	56	79	30	12	84	67	34	31	39	100	2	44	34	76	17	93	3	10	5	27	85	69	45	97	45	52	
92	84	100	14	52	79	60	7	17	51	4	25	79	57	15	1	86	91	98	82	96	3	96	60	17	88	39	97	55	55	41	81	2	12	71	14	19	20	60	93	47	90	75	86	2	77	51	91	84	56	
26	19	44	14	75	25	56	98	65	47	40	10	72	67	1	4	17	67	61	28	81	5	84	26	14	50	76	48	59	81	18	99	68	30	94	66	99	24	22	76	64	68	76	85	67	44	76	68	48	44	
67	98	14	24	14	27	22	88	41	22	50	74	3	68	86	17	80	21	21	32	70	10	83	83	8	9	48	53	14	76	68	91	33	14	70	42	32	88	55	4	72	49	88	10	7	69	18	35	36	94	
7	91	31	77	5	34	2	53	15	31	74	4	46	74	91	67	21	39	44	4	28	9	91	25	77	58	11	86	8	34	50	45	88	44	3	24	33	28	23	63	42	75	10	38	87	21	20	69	73	30	
12	9	8	37	66	16	34	35	17	17	4	36	57	72	98	61	21	44	58	53	82	10	70	83	52	6	94	5	96	31	61	36	99	34	30	8	84	45	3	90	75	100	34	4	45	62	12	53	3	70	
76	50	19	82	65	60	44	34	43	8	90	5	95	96	82	28	32	4	53	27	77	21	81	62	47	85	34	13	84	41	13	12	98	6	58	23	38	41	5	90	54	1	60	76	26	18	43	11	63	16	
21	3	40	68	49	10	35	47	26	83	34	66	22	80	96	81	70	28	82	77	88	13	65	37	78	76	72	36	37	16	36	25	88	63	74	44	100	45	30	41	91	24	5	2	70	69	6	35	68	16	
9	82	56	34	23	2	16	81	79	44	61	21	97	40	3	5	10	9	10	21	13	81	57	14	12	22	42	51	71	75	57	97	94	29	88	21	10	43	2	23	41	12	9	64	80	38	99	65	73	21	
59	74	6	30	37	68	100	59	64	22	94	39	6	21	96	84	83	91	70	81	65	57	61	58	51	1	58	26	78	45	39	12	5	69	12	38	56	52	65	14	35	97	9	75	83	90	59	94	18	91	
93	65	69	40	5	19	32	95	20	75	40	90	46	52	60	26	83	25	83	62	37	14	58	13	29	55	26	93	10	40	63	5	52	38	47	54	29	2	66	46	49	81	62	8	56	18	5	90	88	88	
71	84	91	67	80	64	88	72	99	18	15	59	24	56	17	14	8	77	52	47	78	12	51	29	92	84	84	14	72	91	8	70	76	100	89	40	13	63	26	93	19	99	46	84	54	16	10	33	90	25	
38	4	78	95	64	86	51	28	5	8	92	3	83	79	88	50	9	58	6	85	76	22	1	55	84	54	22	56	86	31	55	6	41	87	57	3	56	65	43	83	63	57	20	17	27	96	62	48	12	16	
100	36	76	63	55	4	43	59	32	28	60	52	5	30	39	76	48	11	94	34	72	42	58	26	84	22	63	28	15	25	13	31	98	81	1	72	75	82	81	82	43	90	46	40	93	89	47	40	92	40	
38	20	38	8	100	2	91	1	41	22	62	61	68	12	97	48	53	86	5	13	36	51	26	93	14	56	28	34	41	41	77	86	6	58	64	53	62	92	55	97	44	6	96	86	88	69	74	45	32	72	
18	24	61	92	80	73	43	93	87	83	98	41	56	84	55	59	14	8	96	84	37	71	78	10	72	86	15	41	61	57	20	3	12	90	42	97	52	90	65	28	9	36	60	2	70	45	71	30	95	35	
6	67	85	32	6	27	52	97	55	82	98	100	81	67	55	81	76	34	31	41	16	75	45	40	91	31	25	41	57	22	79	88	14	60	57	75	24	50	84	94	2	2	15	47	20	27	46	84	40	23	
100	29	1	77	36	40	91	70	26	63	44	76	73	34	41	18	68	50	61	13	36	57	39	63	8	55	13	77	20	79	63	45	25	10	32	28	26	68	39	21	66	50	8	76	99	67	15	84	56	38	
83	53	44	12	76	22	71	86	14	25	97	2	44	31	81	99	91	45	36	12	25	97	12	5	70	6	31	86	3	88	45	98	17	91	38	28	64	89	87	39	14	19	22	69	38	67	45	64	44	80	
55	68	70	92	65	45	26	100	19	10	98	70	56	39	2	68	33	88	99	98	88	94	5	52	76	41	98	6	12	14	25	17	46	82	55	30	63	63	35	28	94	14	79	77	56	70	14	21	48	7	
21	36	61	86	27	85	33	33	74	96	1	32	90	100	12	30	14	44	34	6	63	29	69	38	100	87	81	58	90	60	10	91	82	63	7	81	95	86	7	63	78	89	52	88	60	78	12	64	36	41	
20	26	49	69	20	76	56	72	74	29	61	61	90	2	71	94	70	3	30	58	74	88	12	47	89	57	1	64	42	57	32	38	55	7	64	77	98	100	79	57	51	66	38	76	22	76	53	71	24	32	
3	60	81	58	13	87	29	98	52	34	46	98	63	44	14	66	42	24	8	23	44	21	38	54	40	3	72	53	97	75	28	28	30	81	77	33	15	85	55	45	1	89	99	3	47	39	37	46	56	42	
31	14	10	6	24	81	72	78	70	89	5	67	54	34	19	99	32	33	84	38	100	10	56	29	13	56	75	62	52	24	26	64	63	95	98	15	48	83	71	11	37	69	94	38	2	30	6	55	33	18	
49	98	3	25	39	76	9	60	95	81	19	87	6	76	20	24	88	28	45	41	45	43	52	2	63	65	82	92	90	50	68	89	63	86	100	85	83	70	55	36	68	32	48	4	45	77	51	73	79	55	
93	31	7	66	69	25	13	9	40	54	49	31	24	17	60	22	55	23	3	5	30	2	65	66	26	43	81	55	65	84	39	87	35	7	79	55	71	55	27	2	92	74	57	59	92	95	56	3	18	58	
17	72	56	91	57	2	34	18	80	56	16	73	39	93	93	76	4	63	90	90	41	23	14	46	93	83	82	97	28	94	21	39	28	63	57	45	11	36	2	23	80	76	37	35	92	4	80	34	55	38	
80	70	31	57	68	38	6	69	34	21	55	45	13	3	47	64	72	42	75	54	91	41	35	49	19	63	43	44	9	2	66	14	94	78	51	1	37	68	92	80	61	6	62	92	51	44	52	71	38	75	
73	99	83	36	100	1	47	65	32	72	69	92	54	10	90	68	49	75	100	1	24	12	97	81	99	57	90	6	36	2	50	19	14	89	66	89	69	32	74	76	6	70	70	36	98	4	52	7	13	94	
64	67	37	93	16	74	96	32	16	6	65	5	65	5	75	76	88	10	34	60	5	9	9	62	46	20	46	96	60	15	8	22	79	52	38	99	94	48	57	37	62	70	90	28	11	69	93	89	71	34	
78	45	67	21	74	40	95	52	29	27	83	52	81	27	86	85	10	38	4	76	2	64	75	8	84	17	40	86	2	47	76	69	77	88	76	3	38	4	59	35	92	36	28	25	54	94	6	8	65	1	
60	46	32	20	71	13	8	45	58	87	79	25	30	85	2	67	7	87	45	26	70	80	83	56	54	27	93	88	70	20	99	38	56	60	22	47	2	45	92	92	51	98	11	54	12	69	49	39	68	83	
3	20	36	50	47	77	26	34	9	69	83	23	32	69	77	44	69	21	62	18	69	38	90	18	16	96	89	69	45	27	67	67	70	78	76	39	30	77	95	4	44	4	69	94	69	69	98	70	69	75	
94	87	16	52	20	51	46	57	50	32	98	37	85	45	51	76	18	20	12	43	6	99	59	5	10	62	47	74	71	46	15	45	14	12	53	37	6	51	56	80	52	52	93	6	49	98	88	99	78	51	
84	52	35	45	24	51	24	100	80	3	93	13	73	97	91	68	35	69	53	11	35	65	94	90	33	48	40	45	30	84	84	64	21	64	71	46	55	73	3	34	71	7	89	8	39	70	99	76	51	66	
10	71	80	35	1	34	3	27	2	27	76	32	27	45	84	48	36	73	3	63	68	73	18	88	90	12	92	32	95	40	56	44	48	36	24	56	33	79	18	55	38	13	71	65	68	69	78	51	26	15	
75	83	40	89	26	22	12	18	96	5	26	73	43	52	56	44	94	30	70	16	16	21	91	88	25	16	40	72	35	23	38	80	7	41	32	42	18	55	58	38	75	94	34	1	83	75	51	66	15	1	
