50
1040
39	86	10	84	91	55	69	19	49	76	39	24	61	79	26	94	15	9	5	79	85	49	27	46	59	53	96	91	43	56	51	5	4	100	18	7	79	21	31	83	57	51	59	82	16	20	58	19	20	90	
47	57	58	74	30	34	27	27	75	89	12	28	79	100	70	77	77	4	49	16	40	84	62	52	71	47	43	63	11	24	12	6	16	72	55	95	68	25	93	21	100	84	70	89	100	81	47	90	22	92	
57	85	79	69	18	84	4	5	19	17	49	86	97	41	95	44	97	36	32	33	54	66	37	32	95	27	26	82	81	79	73	93	64	79	74	59	67	34	85	15	29	30	88	2	82	51	60	14	52	87	
58	79	3	33	73	81	17	61	29	60	4	51	59	21	49	82	82	94	24	56	10	39	74	47	3	56	25	68	56	23	71	20	35	4	54	92	22	93	41	66	88	59	31	52	71	38	37	41	79	76	
74	69	33	23	77	31	29	37	48	79	70	41	31	68	18	37	36	33	8	79	97	29	99	85	20	90	4	74	60	8	18	65	58	91	79	29	29	86	29	39	31	97	16	13	53	95	57	13	90	39	
30	18	73	77	6	49	73	3	25	71	56	88	73	6	50	42	96	15	31	11	16	43	81	37	73	29	65	89	9	16	30	32	58	86	82	77	41	50	33	89	96	21	9	34	65	44	4	37	43	9	
34	84	81	31	49	68	30	25	24	37	42	85	25	27	9	68	43	98	7	87	36	80	86	38	33	47	16	37	54	80	30	8	88	91	73	53	99	98	41	75	99	18	63	32	77	8	85	100	17	2	
27	4	17	29	73	30	21	23	31	51	26	44	58	57	79	25	67	36	69	92	8	99	34	43	70	43	21	7	58	6	52	90	90	69	83	25	79	31	30	30	63	69	49	100	42	64	48	99	39	9	
27	5	61	37	3	25	23	9	78	84	92	71	8	88	45	85	6	62	77	59	46	16	98	65	40	62	83	33	28	90	73	4	44	79	30	90	86	72	16	89	78	27	1	21	69	55	80	35	6	57	
75	19	29	48	25	24	31	78	47	32	7	39	19	77	41	43	68	19	81	60	90	7	31	99	24	12	91	72	19	20	31	15	98	26	2	11	49	53	70	87	52	22	80	70	30	49	54	28	37	69	
89	17	60	79	71	37	51	84	32	20	12	52	13	79	43	20	90	19	12	15	3	23	8	8	19	39	31	84	63	89	97	46	51	48	67	80	40	92	60	13	87	36	48	52	60	21	63	3	97	59	
12	49	4	70	56	42	26	92	7	12	100	44	40	86	76	33	61	70	32	50	83	4	55	33	14	83	16	44	16	2	82	73	29	99	17	8	18	27	92	78	29	75	35	53	22	76	39	21	20	86	
28	86	51	41	88	85	44	71	39	52	44	28	81	27	97	68	42	28	81	5	47	73	33	22	32	59	75	70	90	85	56	66	51	88	48	46	3	41	52	64	38	63	85	86	31	91	12	70	94	4	
79	97	59	31	73	25	58	8	19	13	40	81	52	11	9	66	22	20	24	50	42	34	96	35	17	21	80	43	46	1	9	16	86	65	74	34	46	28	6	38	46	41	51	13	2	72	87	12	27	85	
100	41	21	68	6	27	57	88	77	79	86	27	11	63	9	73	42	29	57	46	30	72	8	32	3	87	70	29	62	83	59	17	14	26	51	61	56	43	90	45	59	47	27	17	77	99	1	98	16	25	
70	95	49	18	50	9	79	45	41	43	76	97	9	9	99	80	72	100	47	9	52	20	17	71	84	70	50	71	24	49	61	34	60	30	71	60	89	58	14	72	23	61	37	43	95	14	74	30	81	81	
77	44	82	37	42	68	25	85	43	20	33	68	66	73	80	21	52	26	46	6	90	49	73	86	98	6	61	28	44	22	34	40	55	15	23	49	38	11	99	33	29	15	94	77	87	22	17	4	48	83	
77	97	82	36	96	43	67	6	68	90	61	42	22	42	72	52	80	17	98	37	50	59	82	50	16	68	73	25	79	42	66	41	82	49	77	31	30	75	78	6	31	66	57	30	98	1	82	100	74	25	
4	36	94	33	15	98	36	62	19	19	70	28	20	29	100	26	17	18	79	21	86	82	84	59	24	86	43	44	5	94	71	63	83	22	29	37	15	64	74	3	52	52	70	12	55	7	71	10	12	45	
49	32	24	8	31	7	69	77	81	12	32	81	24	57	47	46	98	79	1	36	94	20	92	66	72	27	22	50	86	50	44	64	45	91	6	89	100	95	86	24	64	55	43	85	36	25	2	28	19	93	
16	33	56	79	11	87	92	59	60	15	50	5	50	46	9	6	37	21	36	26	23	59	97	11	92	19	82	39	59	36	58	5	89	11	35	73	58	4	3	75	30	85	99	57	24	80	44	49	24	42	
40	54	10	97	16	36	8	46	90	3	83	47	42	30	52	90	50	86	94	23	56	75	58	100	8	44	59	20	19	28	58	95	43	37	27	91	33	12	13	47	47	56	21	85	69	34	46	32	91	33	
84	66	39	29	43	80	99	16	7	23	4	73	34	72	20	49	59	82	20	59	75	29	71	90	72	78	35	86	78	58	19	43	61	52	94	45	89	3	71	21	20	73	67	9	74	87	98	49	1	69	
62	37	74	99	81	86	34	98	31	8	55	33	96	8	17	73	82	84	92	97	58	71	70	17	56	83	59	31	38	5	10	26	91	16	36	66	38	95	53	15	21	24	55	58	6	17	8	42	15	42	
52	32	47	85	37	38	43	65	99	8	33	22	35	32	71	86	50	59	66	11	100	90	17	48	46	89	87	38	68	92	88	7	70	99	47	80	16	57	50	95	60	55	12	97	49	69	15	96	56	34	
71	95	3	20	73	33	70	40	24	19	14	32	17	3	84	98	16	24	72	92	8	72	56	46	27	76	98	94	69	85	96	59	56	5	9	87	2	7	96	94	6	35	63	54	71	19	26	81	84	52	
47	27	56	90	29	47	43	62	12	39	83	59	21	87	70	6	68	86	27	19	44	78	83	89	76	27	39	66	89	72	57	44	11	4	46	57	6	80	78	90	3	13	26	34	60	71	45	40	55	87	
43	26	25	4	65	16	21	83	91	31	16	75	80	70	50	61	73	43	22	82	59	35	59	87	98	39	98	14	14	68	32	40	88	59	71	33	2	40	58	15	89	88	46	15	28	39	6	14	14	60	
63	82	68	74	89	37	7	33	72	84	44	70	43	29	71	28	25	44	50	39	20	86	31	38	94	66	14	9	46	84	85	22	37	2	65	79	31	80	94	40	40	71	88	60	76	25	3	54	28	24	
11	81	56	60	9	54	58	28	19	63	16	90	46	62	24	44	79	5	86	59	19	78	38	68	69	89	14	46	56	34	5	4	76	75	10	43	22	45	75	18	72	46	92	74	54	81	73	6	68	7	
24	79	23	8	16	80	6	90	20	89	2	85	1	83	49	22	42	94	50	36	28	58	5	92	85	72	68	84	34	57	75	91	77	14	25	8	3	11	74	64	25	46	76	3	98	81	8	19	46	51	
12	73	71	18	30	30	52	73	31	97	82	56	9	59	61	34	66	71	44	58	58	19	10	88	96	57	32	85	5	75	68	28	29	12	76	62	95	34	23	58	93	10	67	46	71	19	88	76	87	57	
6	93	20	65	32	8	90	4	15	46	73	66	16	17	34	40	41	63	64	5	95	43	26	7	59	44	40	22	4	91	28	5	35	11	76	73	21	100	87	77	12	43	44	35	2	39	6	72	68	72	
16	64	35	58	58	88	90	44	98	51	29	51	86	14	60	55	82	83	45	89	43	61	91	70	56	11	88	37	76	77	29	35	75	30	56	59	65	43	87	35	53	23	89	86	81	2	27	2	77	56	
72	79	4	91	86	91	69	79	26	48	99	88	65	26	30	15	49	22	91	11	37	52	16	99	5	4	59	2	75	14	12	11	30	81	33	17	90	85	77	55	80	89	10	93	99	14	53	50	64	75	
55	74	54	79	82	73	83	30	2	67	17	48	74	51	71	23	77	29	6	35	27	94	36	47	9	46	71	65	10	25	76	76	56	33	83	22	85	18	53	24	51	8	62	62	89	60	73	81	58	43	
95	59	92	29	77	53	25	90	11	80	8	46	34	61	60	49	31	37	89	73	91	45	66	80	87	57	33	79	43	8	62	73	59	17	22	85	78	48	62	27	40	40	17	61	80	82	12	78	42	50	
68	67	22	29	41	99	79	86	49	40	18	3	46	56	89	38	30	15	100	58	33	89	38	16	2	6	2	31	22	3	95	21	65	90	85	78	17	50	25	89	3	86	69	74	62	93	52	61	96	62	
25	34	93	86	50	98	31	72	53	92	27	41	28	43	58	11	75	64	95	4	12	3	95	57	7	80	40	80	45	11	34	100	43	85	18	48	50	83	42	45	34	32	85	2	41	48	87	11	16	100	
93	85	41	29	33	41	30	16	70	60	92	52	6	90	14	99	78	74	86	3	13	71	53	50	96	78	58	94	75	74	23	87	87	77	53	62	25	42	37	81	16	52	46	24	54	46	82	26	67	96	
21	15	66	39	89	75	30	89	87	13	78	64	38	45	72	33	6	3	24	75	47	21	15	95	94	90	15	40	18	64	58	77	35	55	24	27	89	45	81	2	9	46	84	77	60	57	45	79	62	59	
100	29	88	31	96	99	63	78	52	87	29	38	46	59	23	29	31	52	64	30	47	20	21	60	6	3	89	40	72	25	93	12	53	80	51	40	3	34	16	9	65	95	50	19	94	6	59	34	19	13	
84	30	59	97	21	18	69	27	22	36	75	63	41	47	61	15	66	52	55	85	56	73	24	55	35	13	88	71	46	46	10	43	23	89	8	40	86	32	52	46	95	15	9	12	26	71	76	98	71	86	
70	88	31	16	9	63	49	1	80	48	35	85	51	27	37	94	57	70	43	99	21	67	55	12	63	26	46	88	92	76	67	44	89	10	62	17	69	85	46	84	50	9	100	69	60	2	6	64	81	6	
89	2	52	13	34	32	100	21	70	52	53	86	13	17	43	77	30	12	85	57	85	9	58	97	54	34	15	60	74	3	46	35	86	93	62	61	74	2	24	77	19	12	69	75	11	67	10	61	7	37	
100	82	71	53	65	77	42	69	30	60	22	31	2	77	95	87	98	55	36	24	69	74	6	49	71	60	28	76	54	98	71	2	81	99	89	80	62	41	54	60	94	26	60	11	94	77	40	74	76	11	
81	51	38	95	44	8	64	55	49	21	76	91	72	99	14	22	1	7	25	80	34	87	17	69	19	71	39	25	81	81	19	39	2	14	60	82	93	48	46	57	6	71	2	67	77	65	92	15	92	89	
47	60	37	57	4	85	48	80	54	63	39	12	87	1	74	17	82	71	2	44	46	98	8	15	26	45	6	3	73	8	88	6	27	53	73	12	52	87	82	45	59	76	6	10	40	92	41	66	12	15	
90	14	41	13	37	100	99	35	28	3	21	70	12	98	30	4	100	10	28	49	32	49	42	96	81	40	14	54	6	19	76	72	2	50	81	78	61	11	26	79	34	98	64	61	74	15	66	64	54	11	
22	52	79	90	43	17	39	6	37	97	20	94	27	16	81	48	74	12	19	24	91	1	15	56	84	55	14	28	68	46	87	68	77	64	58	42	96	16	67	62	19	71	81	7	76	92	12	54	68	34	
92	87	76	39	9	2	9	57	69	59	86	4	85	25	81	83	25	45	93	42	33	69	42	34	52	87	60	24	7	51	57	72	56	75	43	50	62	100	96	59	13	86	6	37	11	89	15	11	34	35	
