50
1293
44	67	46	90	92	87	20	24	84	51	83	93	89	24	64	59	95	70	84	76	99	18	45	83	58	68	88	76	38	68	93	59	92	40	30	59	99	68	57	97	73	76	48	58	39	93	10	22	73	61	
42	97	59	75	99	3	1	28	24	52	94	7	69	68	28	17	4	55	14	62	51	12	82	26	50	31	5	96	97	60	94	88	45	29	21	4	66	32	55	87	94	14	24	86	65	80	99	15	65	57	
97	57	78	6	58	3	79	15	55	62	77	64	28	77	43	87	86	39	33	45	75	66	94	51	79	6	41	75	62	25	46	48	13	20	92	35	26	5	61	8	24	5	1	1	87	86	75	74	95	76	
59	78	57	69	12	58	50	75	21	10	52	37	75	92	47	72	53	95	87	89	77	86	16	35	37	36	12	9	38	27	41	11	95	11	91	16	22	81	31	93	30	3	85	27	92	20	4	36	45	95	
75	6	69	49	44	77	92	24	22	69	50	11	92	79	41	59	48	91	50	28	2	6	62	34	83	12	1	70	20	20	9	76	26	23	24	73	100	32	86	94	28	72	85	1	99	33	64	37	21	81	
99	58	12	44	76	12	32	60	68	45	92	56	19	83	77	73	56	7	27	21	19	34	35	25	52	71	62	100	69	96	9	52	29	11	28	34	45	99	71	12	1	83	81	73	85	9	8	99	47	63	
3	3	58	77	12	99	45	68	77	99	89	94	58	36	88	67	90	72	40	95	55	29	6	92	33	98	73	98	75	2	8	93	12	39	36	76	97	35	43	56	100	39	84	66	57	8	62	90	9	95	
1	79	50	92	32	45	100	52	37	72	59	5	76	66	92	19	5	57	82	64	51	66	57	24	3	50	59	26	15	14	67	56	77	84	79	26	8	87	95	34	55	71	25	82	58	39	8	55	14	45	
28	15	75	24	60	68	52	94	79	72	30	2	87	96	49	10	72	66	87	13	44	11	29	25	32	68	34	21	84	73	7	80	79	58	85	49	38	90	4	17	86	23	9	79	57	52	93	90	30	83	
24	55	21	22	68	77	37	79	37	59	93	67	33	83	86	69	86	29	76	50	58	68	83	34	10	100	27	96	53	43	83	34	92	87	12	88	32	64	78	89	82	26	17	58	67	41	43	73	98	3	
52	62	10	69	45	99	72	72	59	48	56	39	70	43	19	37	10	95	94	6	2	52	28	58	47	41	37	92	10	45	9	67	25	96	100	84	49	69	67	5	1	93	53	93	96	66	15	60	60	34	
94	77	52	50	92	89	59	30	93	56	14	66	86	76	30	99	19	62	33	2	30	60	100	35	43	54	64	74	39	75	34	26	58	50	25	60	39	74	36	8	3	59	18	31	93	7	16	18	96	34	
7	64	37	11	56	94	5	2	67	39	66	22	10	100	30	77	85	77	60	4	87	84	91	64	26	36	4	20	100	70	21	67	9	96	1	40	32	34	37	93	77	79	41	43	13	2	87	88	27	79	
69	28	75	92	19	58	76	87	33	70	86	10	10	9	13	33	45	58	46	58	22	81	12	63	42	88	70	18	50	39	73	72	59	26	63	91	26	95	93	26	1	6	91	1	60	52	88	15	4	65	
68	77	92	79	83	36	66	96	83	43	76	100	9	76	8	38	24	52	60	4	41	44	83	59	81	61	69	54	86	1	19	68	18	37	100	44	34	8	39	19	1	89	61	58	27	52	66	80	32	87	
28	43	47	41	77	88	92	49	86	19	30	30	13	8	50	84	53	85	67	91	33	62	25	58	80	45	30	97	51	84	35	12	94	12	45	26	62	4	98	45	40	57	92	56	43	93	68	45	4	38	
17	87	72	59	73	67	19	10	69	37	99	77	33	38	84	15	47	92	83	70	14	33	20	79	7	93	57	71	46	86	98	80	66	9	74	67	56	32	94	3	62	56	69	81	82	27	12	10	41	47	
4	86	53	48	56	90	5	72	86	10	19	85	45	24	53	47	2	85	77	81	35	28	40	9	65	15	44	6	2	40	66	83	13	30	3	17	69	56	29	68	70	54	52	91	9	33	69	53	6	90	
55	39	95	91	7	72	57	66	29	95	62	77	58	52	85	92	85	80	19	81	33	74	29	68	26	32	39	89	83	87	85	86	44	32	36	54	60	52	13	84	18	60	54	64	34	10	64	73	88	5	
14	33	87	50	27	40	82	87	76	94	33	60	46	60	67	83	77	19	72	4	73	97	85	31	66	24	18	53	73	99	29	38	75	91	37	81	19	62	25	49	51	39	70	94	41	67	65	70	30	56	
62	45	89	28	21	95	64	13	50	6	2	4	58	4	91	70	81	81	4	16	23	37	88	74	21	41	36	58	52	15	91	26	60	15	13	56	23	50	69	60	22	90	17	62	62	22	60	29	50	1	
51	75	77	2	19	55	51	44	58	2	30	87	22	41	33	14	35	33	73	23	11	59	61	100	35	91	25	92	72	7	70	17	18	31	53	51	2	74	30	51	66	58	31	98	54	25	56	40	92	7	
12	66	86	6	34	29	66	11	68	52	60	84	81	44	62	33	28	74	97	37	59	59	36	60	75	61	31	93	94	11	58	63	98	29	21	23	41	98	90	23	59	71	82	46	69	78	38	68	77	16	
82	94	16	62	35	6	57	29	83	28	100	91	12	83	25	20	40	29	85	88	61	36	91	75	18	93	71	17	62	6	10	31	32	34	87	22	92	33	27	86	75	67	68	23	10	34	43	69	51	76	
26	51	35	34	25	92	24	25	34	58	35	64	63	59	58	79	9	68	31	74	100	60	75	53	42	13	9	64	28	86	75	63	92	61	96	83	86	91	96	76	24	79	31	68	7	16	30	17	6	100	
50	79	37	83	52	33	3	32	10	47	43	26	42	81	80	7	65	26	66	21	35	75	18	42	25	83	7	83	9	49	30	81	79	63	73	93	85	29	46	77	53	64	59	47	66	40	51	62	41	31	
31	6	36	12	71	98	50	68	100	41	54	36	88	61	45	93	15	32	24	41	91	61	93	13	83	39	35	3	25	38	41	76	4	94	88	15	38	31	99	88	88	40	25	63	58	39	24	99	81	91	
5	41	12	1	62	73	59	34	27	37	64	4	70	69	30	57	44	39	18	36	25	31	71	9	7	35	7	100	5	4	26	1	24	93	4	5	41	36	99	11	43	41	19	55	42	40	36	83	95	49	
96	75	9	70	100	98	26	21	96	92	74	20	18	54	97	71	6	89	53	58	92	93	17	64	83	3	100	60	28	72	78	82	38	89	50	9	28	64	30	66	73	10	46	8	74	52	56	20	98	22	
97	62	38	20	69	75	15	84	53	10	39	100	50	86	51	46	2	83	73	52	72	94	62	28	9	25	5	28	4	38	31	15	70	89	65	21	6	15	62	69	15	57	93	32	92	63	4	19	5	15	
60	25	27	20	96	2	14	73	43	45	75	70	39	1	84	86	40	87	99	15	7	11	6	86	49	38	4	72	38	58	35	68	12	73	78	6	50	53	60	99	86	80	18	57	70	95	63	81	80	84	
94	46	41	9	9	8	67	7	83	9	34	21	73	19	35	98	66	85	29	91	70	58	10	75	30	41	26	78	31	35	95	34	81	34	77	44	3	41	30	51	50	55	73	27	67	95	42	22	67	71	
88	48	11	76	52	93	56	80	34	67	26	67	72	68	12	80	83	86	38	26	17	63	31	63	81	76	1	82	15	68	34	18	3	54	57	56	80	71	100	40	85	76	6	40	30	87	34	15	35	96	
45	13	95	26	29	12	77	79	92	25	58	9	59	18	94	66	13	44	75	60	18	98	32	92	79	4	24	38	70	12	81	3	43	95	85	95	54	63	7	26	6	10	12	50	65	20	55	36	90	87	
29	20	11	23	11	39	84	58	87	96	50	96	26	37	12	9	30	32	91	15	31	29	34	61	63	94	93	89	89	73	34	54	95	2	9	27	3	83	54	60	47	37	75	37	85	45	33	7	39	51	
21	92	91	24	28	36	79	85	12	100	25	1	63	100	45	74	3	36	37	13	53	21	87	96	73	88	4	50	65	78	77	57	85	9	24	85	50	77	64	32	35	69	82	93	44	64	66	44	71	39	
4	35	16	73	34	76	26	49	88	84	60	40	91	44	26	67	17	54	81	56	51	23	22	83	93	15	5	9	21	6	44	56	95	27	85	76	42	54	60	43	96	68	12	80	8	24	22	9	58	64	
66	26	22	100	45	97	8	38	32	49	39	32	26	34	62	56	69	60	19	23	2	41	92	86	85	38	41	28	6	50	3	80	54	3	50	42	30	11	58	51	44	35	51	42	78	81	11	91	55	51	
32	5	81	32	99	35	87	90	64	69	74	34	95	8	4	32	56	52	62	50	74	98	33	91	29	31	36	64	15	53	41	71	63	83	77	54	11	45	48	37	33	14	89	25	30	24	90	72	63	99	
55	61	31	86	71	43	95	4	78	67	36	37	93	39	98	94	29	13	25	69	30	90	27	96	46	99	99	30	62	60	30	100	7	54	64	60	58	48	94	75	9	78	64	20	28	91	64	45	96	91	
87	8	93	94	12	56	34	17	89	5	8	93	26	19	45	3	68	84	49	60	51	23	86	76	77	88	11	66	69	99	51	40	26	60	32	43	51	37	75	44	1	55	56	86	56	20	53	53	95	78	
94	24	30	28	1	100	55	86	82	1	3	77	1	1	40	62	70	18	51	22	66	59	75	24	53	88	43	73	15	86	50	85	6	47	35	96	44	33	9	1	26	63	9	26	95	68	52	77	29	40	
14	5	3	72	83	39	71	23	26	93	59	79	6	89	57	56	54	60	39	90	58	71	67	79	64	40	41	10	57	80	55	76	10	37	69	68	35	14	78	55	63	71	8	100	79	81	83	27	40	4	
24	1	85	85	81	84	25	9	17	53	18	41	91	61	92	69	52	54	70	17	31	82	68	31	59	25	19	46	93	18	73	6	12	75	82	12	51	89	64	56	9	8	14	53	5	77	84	66	58	96	
86	1	27	1	73	66	82	79	58	93	31	43	1	58	56	81	91	64	94	62	98	46	23	68	47	63	55	8	32	57	27	40	50	37	93	80	42	25	20	86	26	100	53	20	87	53	7	98	9	9	
65	87	92	99	85	57	58	57	67	96	93	13	60	27	43	82	9	34	41	62	54	69	10	7	66	58	42	74	92	70	67	30	65	85	44	8	78	30	28	56	95	79	5	87	4	92	30	16	4	82	
80	86	20	33	9	8	39	52	41	66	7	2	52	52	93	27	33	10	67	22	25	78	34	16	40	39	40	52	63	95	95	87	20	45	64	24	81	24	91	20	68	81	77	53	92	79	47	85	83	45	
99	75	4	64	8	62	8	93	43	15	16	87	88	66	68	12	69	64	65	60	56	38	43	30	51	24	36	56	4	63	42	34	55	33	66	22	11	90	64	53	52	83	84	7	30	47	14	21	31	53	
15	74	36	37	99	90	55	90	73	60	18	88	15	80	45	10	53	73	70	29	40	68	69	17	62	99	83	20	19	81	22	15	36	7	44	9	91	72	45	53	77	27	66	98	16	85	21	53	30	63	
65	95	45	21	47	9	14	30	98	60	96	27	4	32	4	41	6	88	30	50	92	77	51	6	41	81	95	98	5	80	67	35	90	39	71	58	55	63	96	95	29	40	58	9	4	83	31	30	61	42	
57	76	95	81	63	95	45	83	3	34	34	79	65	87	38	47	90	5	56	1	7	16	76	100	31	91	49	22	15	84	71	96	87	51	39	64	51	99	91	78	40	4	96	9	82	45	53	63	42	91	
