50
1401
26	6	69	89	59	81	49	58	86	72	60	51	90	25	41	70	6	43	41	77	59	59	30	78	80	7	10	82	48	20	68	50	12	64	2	58	61	47	9	26	64	21	44	64	18	90	2	57	51	15	
80	3	28	87	11	14	77	64	8	42	60	56	18	99	35	53	5	95	32	17	37	31	67	50	31	73	61	76	19	92	78	52	13	48	14	69	51	1	24	55	65	31	34	93	79	91	73	31	84	40	
3	45	62	30	24	34	27	23	32	49	13	2	31	77	77	23	61	20	33	68	33	61	46	24	39	20	85	63	89	14	78	58	40	99	33	28	35	73	51	78	70	26	11	96	22	12	27	77	63	94	
28	62	90	88	26	78	34	28	68	4	57	57	52	36	31	34	50	72	96	43	92	2	58	98	12	29	89	13	84	14	5	86	51	51	5	94	25	42	89	71	20	57	60	27	60	49	78	1	15	45	
87	30	88	5	87	43	65	87	55	88	29	87	20	72	99	14	81	88	17	10	9	62	64	90	59	79	82	62	96	65	16	54	91	75	80	76	97	51	6	42	28	84	81	98	17	85	9	31	3	9	
11	24	26	87	40	17	16	5	71	56	83	21	71	41	88	81	61	62	36	53	46	47	84	37	38	63	48	79	18	87	97	40	18	4	74	51	31	50	20	41	21	35	58	66	54	97	42	55	1	20	
14	34	78	43	17	7	93	23	63	38	17	59	21	5	92	44	35	96	43	15	21	54	54	36	35	29	16	100	30	38	67	99	33	24	18	6	53	30	9	27	5	61	28	25	69	86	59	45	42	36	
77	27	34	65	16	93	99	77	57	7	97	6	17	92	45	95	60	33	89	53	51	70	8	34	47	48	79	75	23	75	60	79	72	90	95	24	50	27	41	22	66	1	80	10	19	47	80	69	18	88	
64	23	28	87	5	23	77	52	92	29	32	58	11	75	87	50	56	23	66	55	48	75	97	48	29	23	13	7	39	88	4	59	46	98	67	55	96	59	80	49	76	52	92	31	1	9	88	89	28	69	
8	32	68	55	71	63	57	92	15	96	55	81	69	66	41	82	54	1	61	11	51	44	39	39	16	78	47	18	61	29	28	32	90	78	58	26	33	80	10	7	100	51	27	47	46	89	23	36	76	54	
42	49	4	88	56	38	7	29	96	31	68	11	61	59	38	18	88	20	57	87	39	88	20	29	35	33	41	10	13	45	56	63	75	56	46	71	81	72	45	21	44	53	34	21	61	58	38	94	42	1	
60	13	57	29	83	17	97	32	55	68	97	54	38	67	64	8	57	77	66	15	27	96	18	22	44	21	30	22	92	70	60	34	63	67	50	21	87	1	48	1	1	100	5	72	45	16	69	91	49	81	
56	2	57	87	21	59	6	58	81	11	54	89	71	98	71	29	84	75	66	64	39	86	4	83	38	47	7	96	51	24	80	19	51	72	40	87	97	10	91	43	18	98	29	40	39	27	66	71	17	28	
18	31	52	20	71	21	17	11	69	61	38	71	22	100	6	68	89	64	16	18	95	94	87	7	44	90	95	1	40	14	74	7	19	37	29	29	54	84	66	67	92	37	7	27	6	86	78	28	39	36	
99	77	36	72	41	5	92	75	66	59	67	98	100	1	99	55	2	77	37	85	44	70	63	91	13	20	44	95	31	75	33	35	82	20	85	93	49	47	81	82	77	13	68	64	26	23	50	54	63	45	
35	77	31	99	88	92	45	87	41	38	64	71	6	99	27	5	21	94	83	89	89	73	90	5	73	77	38	41	51	90	38	33	96	66	9	91	87	17	3	92	84	53	77	84	36	74	49	12	53	30	
53	23	34	14	81	44	95	50	82	18	8	29	68	55	5	85	80	56	68	40	100	100	76	32	1	23	66	100	6	11	85	50	16	88	29	8	38	56	38	27	34	26	77	78	76	21	64	59	42	48	
5	61	50	81	61	35	60	56	54	88	57	84	89	2	21	80	55	86	23	65	23	11	71	99	74	22	83	23	42	26	97	3	14	99	42	68	37	13	58	9	21	89	58	88	25	61	97	5	29	78	
95	20	72	88	62	96	33	23	1	20	77	75	64	77	94	56	86	43	61	3	38	45	7	86	38	86	61	81	98	39	3	79	3	62	98	99	75	13	82	44	36	96	62	87	56	32	70	20	64	97	
32	33	96	17	36	43	89	66	61	57	66	66	16	37	83	68	23	61	69	52	66	43	84	86	54	3	10	53	39	68	21	48	77	30	52	53	2	52	49	11	6	32	89	28	2	93	68	90	49	41	
17	68	43	10	53	15	53	55	11	87	15	64	18	85	89	40	65	3	52	18	85	94	46	62	81	60	72	77	49	31	57	44	49	24	21	38	14	10	16	13	50	54	80	94	9	15	40	33	72	97	
37	33	92	9	46	21	51	48	51	39	27	39	95	44	89	100	23	38	66	85	60	29	66	74	3	20	29	1	97	21	50	56	63	94	86	51	14	5	47	38	5	52	38	39	78	32	1	75	39	6	
31	61	2	62	47	54	70	75	44	88	96	86	94	70	73	100	11	45	43	94	29	42	70	3	72	76	26	12	18	2	75	76	30	12	63	49	94	2	24	60	57	48	34	91	56	82	38	4	38	72	
67	46	58	64	84	54	8	97	39	20	18	4	87	63	90	76	71	7	84	46	66	70	4	50	88	98	74	81	1	14	51	4	36	83	29	71	10	99	82	40	17	54	10	24	50	18	43	1	68	81	
50	24	98	90	37	36	34	48	39	29	22	83	7	91	5	32	99	86	86	62	74	3	50	87	61	49	53	100	74	14	69	68	14	39	58	29	35	7	93	20	79	91	16	66	18	97	93	66	10	23	
31	39	12	59	38	35	47	29	16	35	44	38	44	13	73	1	74	38	54	81	3	72	88	61	39	82	80	47	98	46	22	33	64	87	94	41	41	13	69	65	77	88	69	91	82	22	16	61	73	59	
73	20	29	79	63	29	48	23	78	33	21	47	90	20	77	23	22	86	3	60	20	76	98	49	82	54	72	27	73	34	14	67	49	38	42	70	17	20	5	27	38	91	65	63	44	47	26	47	49	97	
61	85	89	82	48	16	79	13	47	41	30	7	95	44	38	66	83	61	10	72	29	26	74	53	80	72	86	13	39	70	6	93	95	27	93	42	95	66	24	78	30	38	84	57	83	18	87	28	8	53	
76	63	13	62	79	100	75	7	18	10	22	96	1	95	41	100	23	81	53	77	1	12	81	100	47	27	13	100	38	97	51	35	79	57	24	16	49	29	74	27	73	39	63	45	83	94	41	65	44	25	
19	89	84	96	18	30	23	39	61	13	92	51	40	31	51	6	42	98	39	49	97	18	1	74	98	73	39	38	5	80	6	88	29	26	78	14	98	70	53	62	62	85	49	66	52	25	45	19	94	25	
92	14	14	65	87	38	75	88	29	45	70	24	14	75	90	11	26	39	68	31	21	2	14	14	46	34	70	97	80	12	63	11	70	54	11	8	86	18	15	82	77	12	69	52	36	53	32	52	25	99	
78	78	5	16	97	67	60	4	28	56	60	80	74	33	38	85	97	3	21	57	50	75	51	69	22	14	6	51	6	63	70	46	25	59	66	86	75	92	11	28	100	44	83	69	22	18	25	20	30	50	
52	58	86	54	40	99	79	59	32	63	34	19	7	35	33	50	3	79	48	44	56	76	4	68	33	67	93	35	88	11	46	10	89	37	13	72	7	79	36	86	31	81	93	65	3	33	81	91	73	70	
13	40	51	91	18	33	72	46	90	75	63	51	19	82	96	16	14	3	77	49	63	30	36	14	64	49	95	79	29	70	25	89	68	48	65	81	4	2	1	78	84	85	23	60	67	68	2	6	75	60	
48	99	51	75	4	24	90	98	78	56	67	72	37	20	66	88	99	62	30	24	94	12	83	39	87	38	27	57	26	54	59	37	48	70	16	4	37	18	31	17	25	61	62	80	98	35	5	79	17	17	
14	33	5	80	74	18	95	67	58	46	50	40	29	85	9	29	42	98	52	21	86	63	29	58	94	42	93	24	78	11	66	13	65	16	11	33	48	46	11	74	54	98	68	39	7	38	39	26	66	41	
69	28	94	76	51	6	24	55	26	71	21	87	29	93	91	8	68	99	53	38	51	49	71	29	41	70	42	16	14	8	86	72	81	4	33	17	48	88	56	84	61	99	14	40	87	3	84	4	80	45	
51	35	25	97	31	53	50	96	33	81	87	97	54	49	87	38	37	75	2	14	14	94	10	35	41	17	95	49	98	86	75	7	4	37	48	48	69	4	12	57	5	40	11	91	48	83	83	54	80	65	
1	73	42	51	50	30	27	59	80	72	1	10	84	47	17	56	13	13	52	10	5	2	99	7	13	20	66	29	70	18	92	79	2	18	46	88	4	31	52	30	56	3	42	42	45	67	53	94	7	85	
24	51	89	6	20	9	41	80	10	45	48	91	66	81	3	38	58	82	49	16	47	24	82	93	69	5	24	74	53	15	11	36	1	31	11	56	12	52	26	30	69	74	44	4	84	69	36	1	50	94	
55	78	71	42	41	27	22	49	7	21	1	43	67	82	92	27	9	44	11	13	38	60	40	20	65	27	78	27	62	82	28	86	78	17	74	84	57	30	30	20	81	46	2	54	81	21	69	3	86	9	
65	70	20	28	21	5	66	76	100	44	1	18	92	77	84	34	21	36	6	50	5	57	17	79	77	38	30	73	62	77	100	31	84	25	54	61	5	56	69	81	65	91	58	26	21	62	79	46	87	73	
31	26	57	84	35	61	1	52	51	53	100	98	37	13	53	26	89	96	32	54	52	48	54	91	88	91	38	39	85	12	44	81	85	61	98	99	40	3	74	46	91	29	70	8	53	62	100	1	62	76	
34	11	60	81	58	28	80	92	27	34	5	29	7	68	77	77	58	62	89	80	38	34	10	16	69	65	84	63	49	69	83	93	23	62	68	14	11	42	44	2	58	70	15	79	72	38	3	82	19	17	
93	96	27	98	66	25	10	31	47	21	72	40	27	64	84	78	88	87	28	94	39	91	24	66	91	63	57	45	66	52	69	65	60	80	39	40	91	42	4	54	26	8	79	68	65	70	79	39	6	100	
79	22	60	17	54	69	19	1	46	61	45	39	6	26	36	76	25	56	2	9	78	56	50	18	82	44	83	83	52	36	22	3	67	98	7	87	48	45	84	81	21	53	72	65	70	46	60	70	68	35	
91	12	49	85	97	86	47	9	89	58	16	27	86	23	74	21	61	32	93	15	32	82	18	97	22	47	18	94	25	53	18	33	68	35	38	3	83	67	69	21	62	62	38	70	46	26	5	77	71	27	
73	27	78	9	42	59	80	88	23	38	69	66	78	50	49	64	97	70	68	40	1	38	43	93	16	26	87	41	45	32	25	81	2	5	39	84	83	53	36	69	79	100	3	79	60	5	25	6	17	45	
31	77	1	31	55	45	69	89	36	94	91	71	28	54	12	59	5	20	90	33	75	4	1	66	61	47	28	65	19	52	20	91	6	79	26	4	54	94	1	3	46	1	82	39	70	77	6	3	42	39	
84	63	15	3	1	42	18	28	76	42	49	17	39	63	53	42	29	64	49	72	39	38	68	10	73	49	8	44	94	25	30	73	75	17	66	80	80	7	50	86	87	62	19	6	68	71	17	42	21	39	
40	94	45	9	20	36	88	69	54	1	81	28	36	45	30	48	78	97	41	97	6	72	81	23	59	97	53	25	25	99	50	70	60	17	41	45	65	85	94	9	73	76	17	100	35	27	45	39	39	58	
