50
1426
2	45	91	34	50	40	71	22	100	70	85	93	85	4	15	35	79	89	86	88	34	57	54	63	19	34	85	21	73	26	73	30	51	13	99	25	37	19	17	80	92	61	60	75	25	40	48	62	69	19	
5	59	19	1	24	81	62	80	88	2	73	19	52	30	48	74	45	18	59	39	44	15	94	70	52	95	67	84	65	19	19	26	1	13	17	17	2	15	30	80	12	56	17	2	66	76	2	55	99	81	
59	42	85	19	97	10	66	17	27	34	95	54	39	17	38	9	6	87	53	19	62	34	90	40	37	21	57	2	21	71	9	34	97	42	62	5	5	20	13	61	27	32	74	85	88	3	22	47	32	42	
19	85	50	51	65	2	4	3	29	28	2	3	36	20	91	39	50	96	77	82	61	28	62	4	97	100	89	33	53	30	52	42	92	8	25	89	4	54	88	44	89	71	41	29	22	84	13	98	55	51	
1	19	51	96	28	58	69	2	71	65	61	76	7	44	53	69	41	17	40	64	56	29	58	14	39	83	21	91	67	60	95	54	18	55	13	89	61	18	38	2	7	22	42	31	54	23	45	12	99	69	
24	97	65	28	56	56	51	70	39	100	53	1	60	92	32	6	52	29	81	89	95	2	72	94	99	21	16	73	62	30	48	77	74	63	44	59	3	32	18	10	98	4	27	33	67	73	49	46	18	75	
81	10	2	58	56	59	18	9	18	43	72	58	39	37	44	21	19	14	36	45	68	87	65	63	82	10	25	79	64	58	97	65	18	96	68	52	90	15	32	70	99	9	19	19	91	86	85	2	79	48	
62	66	4	69	51	18	76	74	99	96	99	31	81	29	70	29	48	16	65	61	35	88	10	83	41	96	33	49	48	75	98	30	39	71	39	76	13	81	94	35	30	46	3	73	79	7	85	86	47	76	
80	17	3	2	70	9	74	74	7	45	36	54	24	63	86	22	68	30	62	69	5	33	23	7	59	86	44	93	69	45	2	99	47	76	1	40	74	14	55	61	34	85	53	54	15	28	97	13	47	21	
88	27	29	71	39	18	99	7	22	13	44	46	48	58	13	72	92	37	92	14	69	70	30	18	99	77	22	53	81	60	26	2	14	17	47	92	43	71	55	90	85	89	6	32	95	2	36	3	10	97	
2	34	28	65	100	43	96	45	13	46	18	51	94	95	20	79	47	72	68	47	4	69	31	18	35	71	92	85	22	12	70	62	4	5	59	6	35	54	9	53	38	1	11	99	100	1	19	99	53	12	
73	95	2	61	53	72	99	36	44	18	43	79	50	61	99	72	68	7	8	94	18	17	31	10	46	75	47	72	13	44	77	38	51	89	88	67	75	30	80	93	94	75	40	60	81	41	45	81	88	87	
19	54	3	76	1	58	31	54	46	51	79	44	3	17	81	35	12	94	75	83	31	64	11	47	24	81	22	35	37	92	62	100	99	91	56	37	34	26	49	85	90	86	62	18	25	67	74	64	53	98	
52	39	36	7	60	39	81	24	48	94	50	3	43	97	42	41	95	51	75	19	15	63	57	70	7	86	72	16	79	61	50	91	36	13	22	56	85	4	96	24	8	19	87	48	79	8	75	55	17	51	
30	17	20	44	92	37	29	63	58	95	61	17	97	76	54	19	75	8	56	46	43	56	78	79	32	96	20	39	27	28	60	98	85	29	10	24	38	39	89	8	71	59	4	81	64	65	26	38	60	21	
48	38	91	53	32	44	70	86	13	20	99	81	42	54	40	4	47	29	98	19	42	89	55	47	54	30	38	96	93	39	34	68	55	97	48	53	41	47	67	71	92	97	50	22	33	33	35	46	97	51	
74	9	39	69	6	21	29	22	72	79	72	35	41	19	4	95	63	51	66	79	8	29	49	98	50	8	30	51	21	34	100	1	8	3	12	92	19	80	99	26	54	13	1	21	99	83	37	54	56	18	
45	6	50	41	52	19	48	68	92	47	68	12	95	75	47	63	24	96	97	12	96	74	19	100	57	21	91	60	35	70	54	68	71	53	75	20	85	81	98	37	71	93	92	99	47	17	100	13	83	74	
18	87	96	17	29	14	16	30	37	72	7	94	51	8	29	51	96	87	66	38	70	33	96	75	41	90	42	71	53	17	30	67	32	98	44	30	25	83	34	16	60	7	46	62	31	39	83	46	49	21	
59	53	77	40	81	36	65	62	92	68	8	75	75	56	98	66	97	66	78	1	70	43	39	53	94	24	99	78	33	8	87	5	52	100	18	43	79	3	26	18	48	41	24	28	13	34	42	31	70	72	
39	19	82	64	89	45	61	69	14	47	94	83	19	46	19	79	12	38	1	30	92	55	94	72	42	20	11	25	11	8	79	67	100	35	61	2	29	64	40	96	92	89	15	95	15	93	64	29	4	97	
44	62	61	56	95	68	35	5	69	4	18	31	15	43	42	8	96	70	70	92	38	70	89	22	86	78	26	99	96	81	68	39	16	98	26	33	47	31	32	52	28	29	100	9	12	54	16	20	58	95	
15	34	28	29	2	87	88	33	70	69	17	64	63	56	89	29	74	33	43	55	70	1	12	92	95	72	74	24	25	78	31	55	31	60	9	19	21	30	16	44	70	79	79	21	93	35	2	39	82	34	
94	90	62	58	72	65	10	23	30	31	31	11	57	78	55	49	19	96	39	94	89	12	44	20	14	44	58	40	84	72	89	5	39	44	46	52	60	56	84	39	59	64	78	38	99	74	31	64	27	53	
70	40	4	14	94	63	83	7	18	18	10	47	70	79	47	98	100	75	53	72	22	92	20	25	72	32	93	60	77	19	46	49	25	36	92	40	40	37	83	11	27	79	40	60	66	38	30	80	39	5	
52	37	97	39	99	82	41	59	99	35	46	24	7	32	54	50	57	41	94	42	86	95	14	72	1	57	52	54	38	17	40	92	9	6	78	12	71	13	56	46	49	47	24	17	43	50	66	7	48	23	
95	21	100	83	21	10	96	86	77	71	75	81	86	96	30	8	21	90	24	20	78	72	44	32	57	51	22	5	6	41	59	69	16	91	79	52	28	41	13	50	17	77	2	47	64	28	52	97	37	53	
67	57	89	21	16	25	33	44	22	92	47	22	72	20	38	30	91	42	99	11	26	74	58	93	52	22	90	39	14	16	83	100	82	86	50	80	77	84	51	87	23	91	40	56	99	46	27	89	100	49	
84	2	33	91	73	79	49	93	53	85	72	35	16	39	96	51	60	71	78	25	99	24	40	60	54	5	39	21	98	84	3	81	26	10	15	43	16	72	79	67	81	16	85	45	71	61	73	81	37	32	
65	21	53	67	62	64	48	69	81	22	13	37	79	27	93	21	35	53	33	11	96	25	84	77	38	6	14	98	26	46	18	68	86	16	43	70	33	97	64	89	84	87	99	88	86	2	14	84	50	8	
19	71	30	60	30	58	75	45	60	12	44	92	61	28	39	34	70	17	8	8	81	78	72	19	17	41	16	84	46	3	12	17	10	65	23	81	22	67	79	12	37	48	54	84	6	24	74	79	5	99	
19	9	52	95	48	97	98	2	26	70	77	62	50	60	34	100	54	30	87	79	68	31	89	46	40	59	83	3	18	12	81	20	20	44	58	86	44	71	87	85	98	98	67	93	93	37	12	11	13	3	
26	34	42	54	77	65	30	99	2	62	38	100	91	98	68	1	68	67	5	67	39	55	5	49	92	69	100	81	68	17	20	55	82	42	25	40	85	88	38	83	96	44	72	7	52	32	20	91	96	32	
1	97	92	18	74	18	39	47	14	4	51	99	36	85	55	8	71	32	52	100	16	31	39	25	9	16	82	26	86	10	20	82	31	46	30	46	65	96	96	94	81	99	58	77	32	39	36	13	24	22	
13	42	8	55	63	96	71	76	17	5	89	91	13	29	97	3	53	98	100	35	98	60	44	36	6	91	86	10	16	65	44	42	46	45	30	89	96	88	7	19	69	31	37	30	9	74	9	41	63	26	
17	62	25	13	44	68	39	1	47	59	88	56	22	10	48	12	75	44	18	61	26	9	46	92	78	79	50	15	43	23	58	25	30	30	7	7	22	6	53	62	76	63	45	66	14	78	65	9	59	17	
17	5	89	89	59	52	76	40	92	6	67	37	56	24	53	92	20	30	43	2	33	19	52	40	12	52	80	43	70	81	86	40	46	89	7	39	45	27	24	52	56	80	35	42	72	95	48	37	11	24	
2	5	4	61	3	90	13	74	43	35	75	34	85	38	41	19	85	25	79	29	47	21	60	40	71	28	77	16	33	22	44	85	65	96	22	45	60	78	11	56	60	60	1	8	98	56	15	57	10	21	
15	20	54	18	32	15	81	14	71	54	30	26	4	39	47	80	81	83	3	64	31	30	56	37	13	41	84	72	97	67	71	88	96	88	6	27	78	66	79	82	6	16	2	42	32	17	97	78	9	60	
30	13	88	38	18	32	94	55	55	9	80	49	96	89	67	99	98	34	26	40	32	16	84	83	56	13	51	79	64	79	87	38	96	7	53	24	11	79	11	100	53	46	22	14	91	94	46	81	96	7	
80	61	44	2	10	70	35	61	90	53	93	85	24	8	71	26	37	16	18	96	52	44	39	11	46	50	87	67	89	12	85	83	94	19	62	52	56	82	100	12	56	59	99	96	60	98	57	24	58	63	
12	27	89	7	98	99	30	34	85	38	94	90	8	71	92	54	71	60	48	92	28	70	59	27	49	17	23	81	84	37	98	96	81	69	76	56	60	6	53	56	81	77	58	31	66	91	99	32	19	23	
56	32	71	22	4	9	46	85	89	1	75	86	19	59	97	13	93	7	41	89	29	79	64	79	47	77	91	16	87	48	98	44	99	31	63	80	60	16	46	59	77	14	90	16	63	31	27	77	89	38	
17	74	41	42	27	19	3	53	6	11	40	62	87	4	50	1	92	46	24	15	100	79	78	40	24	2	40	85	99	54	67	72	58	37	45	35	1	2	22	99	58	90	92	52	40	44	50	34	63	89	
2	85	29	31	33	19	73	54	32	99	60	18	48	81	22	21	99	62	28	95	9	21	38	60	17	47	56	45	88	84	93	7	77	30	66	42	8	42	14	96	31	16	52	22	1	67	6	11	14	7	
66	88	22	54	67	91	79	15	95	100	81	25	79	64	33	99	47	31	13	15	12	93	99	66	43	64	99	71	86	6	93	52	32	9	14	72	98	32	91	60	66	63	40	1	68	28	11	74	14	64	
76	3	84	23	73	86	7	28	2	1	41	67	8	65	33	83	17	39	34	93	54	35	74	38	50	28	46	61	2	24	37	32	39	74	78	95	56	17	94	98	91	31	44	67	28	47	89	67	57	34	
2	22	13	45	49	85	85	97	36	19	45	74	75	26	35	37	100	83	42	64	16	2	31	30	66	52	27	73	14	74	12	20	36	9	65	48	15	97	46	57	99	27	50	6	11	89	10	62	59	22	
55	47	98	12	46	2	86	13	3	99	81	64	55	38	46	54	13	46	31	29	20	39	64	80	7	97	89	81	84	79	11	91	13	41	9	37	57	78	81	24	32	77	34	11	74	67	62	82	80	24	
99	32	55	99	18	79	47	47	10	53	88	53	17	60	97	56	83	49	70	4	58	82	27	39	48	37	100	37	50	5	13	96	24	63	59	11	10	9	96	58	19	89	63	14	14	57	59	80	39	48	
81	42	51	69	75	48	76	21	97	12	87	98	51	21	51	18	74	21	72	97	95	34	53	5	23	53	49	32	8	99	3	32	22	26	17	24	21	60	7	63	23	38	89	7	64	34	22	24	48	51	
