50
1090
38	60	87	46	91	50	93	81	79	57	50	21	8	57	12	61	39	9	41	9	30	72	25	1	63	6	75	30	59	94	86	21	1	67	28	1	60	76	53	16	15	61	20	6	66	18	22	25	100	98	
82	38	42	43	63	12	69	66	85	95	63	59	57	39	94	9	93	21	5	93	45	24	43	57	64	87	72	10	33	61	54	15	41	89	45	27	67	47	94	69	73	30	60	79	82	68	33	18	10	92	
38	57	21	80	16	70	22	46	48	29	86	34	97	83	88	49	53	44	2	10	100	86	97	32	32	47	86	74	20	30	16	89	82	29	29	28	50	62	29	82	61	60	28	66	11	65	40	46	76	30	
42	21	99	9	39	53	10	1	18	97	28	57	38	96	89	5	94	21	98	51	96	19	20	38	75	15	60	41	31	36	76	85	66	40	80	32	6	53	24	9	80	78	59	71	57	87	41	68	100	24	
43	80	9	21	27	81	68	13	19	52	25	65	40	55	90	79	22	4	51	82	6	94	8	82	66	78	94	73	39	58	37	37	53	82	19	91	93	96	61	62	87	15	96	33	83	3	60	16	54	28	
63	16	39	27	53	61	79	82	10	13	90	71	41	41	48	23	78	68	77	56	74	26	98	19	36	12	41	72	25	59	39	47	48	5	49	70	13	87	38	66	70	70	75	90	17	62	85	28	60	58	
12	70	53	81	61	56	66	58	3	14	36	22	4	8	34	77	30	25	95	17	36	8	43	24	57	6	7	62	27	95	36	57	57	91	83	82	19	16	39	20	46	10	23	85	86	38	54	90	12	50	
69	22	10	68	79	66	99	17	53	15	45	71	40	68	88	56	100	40	60	5	28	28	58	23	74	32	16	47	43	34	36	10	45	40	35	80	44	51	31	97	55	88	29	39	73	5	94	32	89	90	
66	46	1	13	82	58	17	27	88	73	95	52	49	89	9	98	67	1	23	61	41	61	53	50	69	31	41	94	25	14	31	31	58	24	22	78	3	95	72	34	98	37	65	37	5	62	35	77	84	89	
85	48	18	19	10	3	53	88	81	77	72	71	14	3	67	47	41	32	65	89	54	39	76	59	47	20	93	24	35	54	66	38	33	59	87	62	80	49	9	40	16	75	43	72	18	95	31	13	87	46	
95	29	97	52	13	14	15	73	77	51	17	94	80	44	35	98	98	38	31	19	61	94	89	58	70	20	58	73	32	71	41	94	24	1	12	10	50	64	5	88	1	91	30	43	90	5	78	83	68	95	
63	86	28	25	90	36	45	95	72	17	73	96	17	36	47	82	45	17	6	42	29	8	67	47	28	37	86	95	84	13	70	58	79	12	43	86	3	36	27	12	31	85	99	59	36	89	99	2	9	59	
59	34	57	65	71	22	71	52	71	94	96	28	47	11	2	33	12	12	50	85	64	80	80	82	84	54	45	94	57	44	83	34	77	25	52	44	61	30	37	1	47	4	68	52	22	29	53	42	70	20	
57	97	38	40	41	4	40	49	14	80	17	47	24	24	73	98	83	8	9	70	99	14	65	88	76	24	98	53	49	24	99	25	25	26	7	37	10	28	39	62	3	32	61	28	17	11	84	97	55	77	
39	83	96	55	41	8	68	89	3	44	36	11	24	86	58	52	91	33	94	98	41	96	11	55	84	94	9	100	43	3	70	8	28	1	84	96	37	3	66	82	6	16	58	79	70	29	55	79	85	78	
94	88	89	90	48	34	88	9	67	35	47	2	73	58	56	31	22	87	95	39	85	15	83	7	20	3	91	15	40	27	67	4	32	92	94	79	84	7	72	62	29	24	40	22	99	79	100	55	8	16	
9	49	5	79	23	77	56	98	47	98	82	33	98	52	31	52	89	20	40	90	29	6	14	89	36	12	30	15	26	55	64	68	86	80	62	45	57	39	6	32	15	28	29	66	54	11	62	34	21	28	
93	53	94	22	78	30	100	67	41	98	45	12	83	91	22	89	29	53	32	4	19	56	23	31	90	18	89	32	13	57	91	83	19	67	4	47	87	2	56	16	7	22	84	45	77	22	5	36	70	53	
21	44	21	4	68	25	40	1	32	38	17	12	8	33	87	20	53	71	82	44	36	21	100	81	40	64	68	33	78	29	17	77	64	46	16	42	78	13	53	75	31	91	66	67	40	12	58	84	71	4	
5	2	98	51	77	95	60	23	65	31	6	50	9	94	95	40	32	82	14	45	41	78	81	44	35	60	76	41	94	91	90	3	11	31	76	31	42	31	19	62	79	79	9	90	88	41	52	58	68	97	
93	10	51	82	56	17	5	61	89	19	42	85	70	98	39	90	4	44	45	44	65	16	60	36	62	26	86	90	31	8	57	90	31	33	14	84	54	8	35	8	97	5	23	93	29	62	48	100	87	31	
45	100	96	6	74	36	28	41	54	61	29	64	99	41	85	29	19	36	41	65	99	80	68	40	98	87	5	85	77	91	69	75	40	89	95	49	11	14	23	70	19	80	64	33	90	73	95	43	41	88	
24	86	19	94	26	8	28	61	39	94	8	80	14	96	15	6	56	21	78	16	80	20	35	21	49	25	68	51	4	7	46	51	94	82	88	81	24	86	76	41	48	34	2	65	88	1	53	98	18	98	
43	97	20	8	98	43	58	53	76	89	67	80	65	11	83	14	23	100	81	60	68	35	10	47	42	42	26	27	83	43	49	43	64	42	51	87	39	79	84	72	78	38	23	85	17	48	80	11	25	62	
57	32	38	82	19	24	23	50	59	58	47	82	88	55	7	89	31	81	44	36	40	21	47	10	85	43	72	97	43	79	5	27	67	23	77	20	92	48	80	47	94	1	95	31	80	75	46	55	62	45	
64	32	75	66	36	57	74	69	47	70	28	84	76	84	20	36	90	40	35	62	98	49	42	85	76	94	25	14	22	37	78	40	27	4	82	12	15	72	5	59	71	85	48	18	80	93	10	11	91	44	
87	47	15	78	12	6	32	31	20	20	37	54	24	94	3	12	18	64	60	26	87	25	42	43	94	7	68	33	77	50	87	10	16	40	16	22	98	37	29	31	64	76	49	55	46	93	76	62	35	32	
72	86	60	94	41	7	16	41	93	58	86	45	98	9	91	30	89	68	76	86	5	68	26	72	25	68	93	6	57	5	7	36	63	4	70	52	39	52	99	7	51	81	71	27	20	92	75	31	55	55	
10	74	41	73	72	62	47	94	24	73	95	94	53	100	15	15	32	33	41	90	85	51	27	97	14	33	6	79	11	39	2	63	43	34	10	24	76	89	81	63	61	35	35	17	49	58	93	58	61	78	
33	20	31	39	25	27	43	25	35	32	84	57	49	43	40	26	13	78	94	31	77	4	83	43	22	77	57	11	62	20	35	93	26	85	99	94	44	11	62	99	57	34	84	27	12	42	83	14	27	62	
61	30	36	58	59	95	34	14	54	71	13	44	24	3	27	55	57	29	91	8	91	7	43	79	37	50	5	39	20	61	69	59	44	48	60	2	66	39	88	10	11	86	35	8	99	10	37	26	84	8	
54	16	76	37	39	36	36	31	66	41	70	83	99	70	67	64	91	17	90	57	69	46	49	5	78	87	7	2	35	69	14	40	21	28	43	27	75	59	33	98	63	76	68	4	64	57	15	63	16	69	
15	89	85	37	47	57	10	31	38	94	58	34	25	8	4	68	83	77	3	90	75	51	43	27	40	10	36	63	93	59	40	91	73	2	98	50	54	92	7	39	8	40	53	11	49	8	57	97	23	56	
41	82	66	53	48	57	45	58	33	24	79	77	25	28	32	86	19	64	11	31	40	94	64	67	27	16	63	43	26	44	21	73	33	48	76	20	97	65	84	73	87	22	19	81	10	14	96	79	69	15	
89	29	40	82	5	91	40	24	59	1	12	25	26	1	92	80	67	46	31	33	89	82	42	23	4	40	4	34	85	48	28	2	48	82	26	97	90	51	3	31	4	49	20	2	83	94	6	16	23	55	
45	29	80	19	49	83	35	22	87	12	43	52	7	84	94	62	4	16	76	14	95	88	51	77	82	16	70	10	99	60	43	98	76	26	95	87	74	45	74	100	4	98	54	37	61	28	50	100	52	59	
27	28	32	91	70	82	80	78	62	10	86	44	37	96	79	45	47	42	31	84	49	81	87	20	12	22	52	24	94	2	27	50	20	97	87	92	50	21	19	66	54	17	14	62	34	77	14	92	23	34	
67	50	6	93	13	19	44	3	80	50	3	61	10	37	84	57	87	78	42	54	11	24	39	92	15	98	39	76	44	66	75	54	97	90	74	50	21	32	9	77	62	73	35	28	30	6	81	81	85	4	
47	62	53	96	87	16	51	95	49	64	36	30	28	3	7	39	2	13	31	8	14	86	79	48	72	37	52	89	11	39	59	92	65	51	45	21	32	34	97	22	46	11	43	98	73	3	53	76	23	92	
94	29	24	61	38	39	31	72	9	5	27	37	39	66	72	6	56	53	19	35	23	76	84	80	5	29	99	81	62	88	33	7	84	3	74	19	9	97	63	6	39	14	3	55	10	97	52	74	92	56	
69	82	9	62	66	20	97	34	40	88	12	1	62	82	62	32	16	75	62	8	70	41	72	47	59	31	7	63	99	10	98	39	73	31	100	66	77	22	6	59	73	82	85	34	96	39	95	13	50	41	
73	61	80	87	70	46	55	98	16	1	31	47	3	6	29	15	7	31	79	97	19	48	78	94	71	64	51	61	57	11	63	8	87	4	4	54	62	46	39	73	86	38	33	42	91	61	10	60	75	35	
30	60	78	15	70	10	88	37	75	91	85	4	32	16	24	28	22	91	79	5	80	34	38	1	85	76	81	35	34	86	76	40	22	49	98	17	73	11	14	82	38	16	64	10	50	29	18	82	99	82	
60	28	59	96	75	23	29	65	43	30	99	68	61	58	40	29	84	66	9	23	64	2	23	95	48	49	71	35	84	35	68	53	19	20	54	14	35	43	3	85	33	64	58	12	13	31	82	33	9	28	
79	66	71	33	90	85	39	37	72	43	59	52	28	79	22	66	45	67	90	93	33	65	85	31	18	55	27	17	27	8	4	11	81	2	37	62	28	98	55	34	42	10	12	74	37	39	61	70	99	10	
82	11	57	83	17	86	73	5	18	90	36	22	17	70	99	54	77	40	88	29	90	88	17	80	80	46	20	49	12	99	64	49	10	83	61	34	30	73	10	96	91	50	13	37	48	71	8	5	69	40	
68	65	87	3	62	38	5	62	95	5	89	29	11	29	79	11	22	12	41	62	73	1	48	75	93	93	92	58	42	10	57	8	14	94	28	77	6	3	97	39	61	29	31	39	71	21	61	6	14	19	
33	40	41	60	85	54	94	35	31	78	99	53	84	55	100	62	5	58	52	48	95	53	80	46	10	76	75	93	83	37	15	57	96	6	50	14	81	53	52	95	10	18	82	61	8	61	11	67	50	9	
18	46	68	16	28	90	32	77	13	83	2	42	97	79	55	34	36	84	58	100	43	98	11	55	11	62	31	58	14	26	63	97	79	16	100	92	81	76	74	13	60	82	33	70	5	6	67	68	16	79	
10	76	100	54	60	12	89	84	87	68	9	70	55	85	8	21	70	71	68	87	41	18	25	62	91	35	55	61	27	84	16	23	69	23	52	23	85	23	92	50	75	99	9	99	69	14	50	16	76	46	
92	30	24	28	58	50	90	89	46	95	59	20	77	78	16	28	53	4	97	31	88	98	62	45	44	32	55	78	62	8	69	56	15	55	59	34	4	92	56	41	35	82	28	10	40	19	9	79	46	32	
