50
1239
86	82	14	70	44	5	69	62	50	68	49	66	95	44	85	65	86	14	29	100	6	71	95	64	74	77	60	83	11	58	83	27	41	55	50	21	26	20	18	88	99	43	87	93	29	90	77	36	16	47	
88	88	91	89	90	63	9	87	24	84	7	25	44	10	57	65	78	75	13	24	31	76	47	67	52	20	17	22	63	70	27	13	47	99	85	97	21	41	65	89	14	72	88	28	44	27	59	19	57	19	
88	25	35	91	18	11	41	93	1	77	12	59	95	100	24	58	51	21	99	73	28	18	77	23	35	29	55	4	92	4	63	22	80	75	84	38	26	74	53	57	25	20	50	94	59	75	53	51	86	75	
91	35	20	9	66	87	30	19	93	39	85	27	71	27	97	24	92	87	86	68	87	28	10	80	33	3	83	98	12	33	56	36	77	66	92	77	58	11	3	79	23	38	82	61	74	35	98	91	63	7	
89	91	9	80	5	99	62	89	7	100	52	7	79	33	41	13	53	18	32	58	74	48	99	19	30	2	54	78	88	73	73	88	38	83	99	12	51	25	98	75	68	53	31	58	85	44	60	16	26	16	
90	18	66	5	4	45	48	39	74	94	34	45	48	91	87	38	67	10	14	32	93	89	86	31	91	31	64	21	71	26	72	60	97	90	44	77	88	39	26	27	68	23	2	59	20	57	27	11	72	42	
63	11	87	99	45	90	58	20	61	32	36	55	3	6	96	63	71	99	34	15	11	81	50	12	86	30	13	36	53	37	86	47	53	91	29	13	51	16	77	23	50	44	30	95	13	82	50	21	28	6	
9	41	30	62	48	58	5	40	23	96	98	35	34	35	23	56	98	84	85	3	77	8	97	93	2	22	43	91	50	74	18	21	87	4	99	66	85	42	27	14	15	27	90	46	74	90	71	26	26	77	
87	93	19	89	39	20	40	91	75	78	38	5	88	75	12	56	41	42	30	48	91	30	47	34	79	94	63	80	38	18	62	59	18	92	44	63	53	100	88	82	82	28	54	77	53	13	99	97	58	36	
24	1	93	7	74	61	23	75	23	33	39	1	84	58	6	22	80	80	88	47	29	12	91	25	68	37	54	79	38	25	30	46	70	55	11	88	79	13	42	47	19	77	92	35	74	77	53	68	58	1	
84	77	39	100	94	32	96	78	33	86	33	90	4	22	17	92	46	44	29	31	62	38	26	19	18	35	10	96	4	49	83	36	66	10	24	74	53	69	26	1	76	22	52	10	60	93	36	52	68	40	
7	12	85	52	34	36	98	38	39	33	33	38	37	22	64	94	98	82	57	12	9	81	42	95	78	21	68	9	70	4	49	85	64	2	100	31	3	92	9	34	91	11	94	29	62	16	50	55	27	15	
25	59	27	7	45	55	35	5	1	90	38	96	19	24	3	25	61	100	26	66	36	54	56	33	81	63	83	13	59	2	92	42	55	69	21	53	99	50	67	46	35	97	47	23	15	75	57	25	94	51	
44	95	71	79	48	3	34	88	84	4	37	19	45	66	15	60	56	5	95	71	20	19	49	46	91	45	46	28	18	57	6	32	98	43	71	67	11	86	75	66	19	88	75	56	37	37	19	82	97	35	
10	100	27	33	91	6	35	75	58	22	22	24	66	97	59	37	9	41	40	49	48	69	64	36	16	31	88	25	50	98	54	35	77	14	46	28	73	22	68	81	26	6	88	27	76	15	28	65	98	65	
57	24	97	41	87	96	23	12	6	17	64	3	15	59	62	26	94	14	45	16	56	90	78	65	3	27	96	74	48	35	17	52	94	33	20	49	45	86	90	61	91	72	85	42	16	62	74	57	68	92	
65	58	24	13	38	63	56	56	22	92	94	25	60	37	26	34	14	39	83	56	81	8	49	23	82	54	57	2	7	92	62	2	86	29	46	20	99	79	14	63	39	91	87	50	3	26	53	18	51	12	
78	51	92	53	67	71	98	41	80	46	98	61	56	9	94	14	26	87	31	87	9	49	86	27	80	89	60	5	8	28	98	9	54	64	6	54	6	48	20	97	58	26	22	86	15	82	93	2	36	21	
75	21	87	18	10	99	84	42	80	44	82	100	5	41	14	39	87	95	40	5	19	14	91	55	83	2	59	40	17	75	34	73	42	73	5	99	69	76	72	43	4	93	41	58	52	75	74	50	37	1	
13	99	86	32	14	34	85	30	88	29	57	26	95	40	45	83	31	40	58	93	21	93	27	94	50	44	68	27	31	57	72	19	16	30	100	22	62	37	71	100	58	81	54	5	47	13	100	70	70	25	
24	73	68	58	32	15	3	48	47	31	12	66	71	49	16	56	87	5	93	1	73	32	2	47	98	76	2	100	81	73	92	46	28	60	83	5	51	86	16	28	53	38	23	33	60	27	98	14	61	74	
31	28	87	74	93	11	77	91	29	62	9	36	20	48	56	81	9	19	21	73	97	3	30	37	99	30	47	16	49	53	64	67	38	37	74	74	20	69	36	72	35	40	90	44	32	11	47	9	24	51	
76	18	28	48	89	81	8	30	12	38	81	54	19	69	90	8	49	14	93	32	3	6	92	49	98	45	90	64	44	48	37	41	13	9	79	71	50	20	95	74	84	53	54	40	36	49	7	78	11	73	
47	77	10	99	86	50	97	47	91	26	42	56	49	64	78	49	86	91	27	2	30	92	63	72	93	36	91	16	14	49	72	86	15	7	54	59	61	91	39	31	36	92	42	94	9	72	77	97	94	97	
67	23	80	19	31	12	93	34	25	19	95	33	46	36	65	23	27	55	94	47	37	49	72	78	90	33	73	97	97	71	40	92	52	70	25	81	89	89	51	89	70	64	33	12	24	56	22	12	49	27	
52	35	33	30	91	86	2	79	68	18	78	81	91	16	3	82	80	83	50	98	99	98	93	90	75	68	80	68	1	18	32	15	21	25	79	82	88	24	29	69	97	90	43	6	13	21	15	75	65	56	
20	29	3	2	31	30	22	94	37	35	21	63	45	31	27	54	89	2	44	76	30	45	36	33	68	93	100	60	11	15	31	38	90	41	47	30	8	44	58	1	62	74	31	60	88	84	37	80	35	97	
17	55	83	54	64	13	43	63	54	10	68	83	46	88	96	57	60	59	68	2	47	90	91	73	80	100	26	26	76	64	31	5	30	95	37	55	47	23	42	95	44	54	19	24	43	38	80	83	4	59	
22	4	98	78	21	36	91	80	79	96	9	13	28	25	74	2	5	40	27	100	16	64	16	97	68	60	26	70	39	40	45	21	95	13	70	50	1	100	9	93	71	16	24	14	34	7	18	75	6	36	
63	92	12	88	71	53	50	38	38	4	70	59	18	50	48	7	8	17	31	81	49	44	14	97	1	11	76	39	4	81	68	58	45	20	1	88	66	27	47	51	94	56	59	18	22	2	91	36	7	40	
70	4	33	73	26	37	74	18	25	49	4	2	57	98	35	92	28	75	57	73	53	48	49	71	18	15	64	40	81	66	3	66	4	58	51	85	25	15	14	71	56	3	33	71	30	14	33	11	71	40	
27	63	56	73	72	86	18	62	30	83	49	92	6	54	17	62	98	34	72	92	64	37	72	40	32	31	31	45	68	3	45	81	61	36	79	47	10	30	55	39	50	59	88	94	14	5	65	73	86	13	
13	22	36	88	60	47	21	59	46	36	85	42	32	35	52	2	9	73	19	46	67	41	86	92	15	38	5	21	58	66	81	81	29	15	62	87	77	22	23	11	95	87	87	67	70	59	17	90	15	10	
47	80	77	38	97	53	87	18	70	66	64	55	98	77	94	86	54	42	16	28	38	13	15	52	21	90	30	95	45	4	61	29	84	70	46	89	87	32	42	38	25	72	98	72	68	59	9	85	52	11	
99	75	66	83	90	91	4	92	55	10	2	69	43	14	33	29	64	73	30	60	37	9	7	70	25	41	95	13	20	58	36	15	70	23	98	92	4	57	53	81	19	44	88	36	42	99	10	54	77	17	
85	84	92	99	44	29	99	44	11	24	100	21	71	46	20	46	6	5	100	83	74	79	54	25	79	47	37	70	1	51	79	62	46	98	55	66	84	96	75	37	67	1	86	5	87	74	36	68	87	46	
97	38	77	12	77	13	66	63	88	74	31	53	67	28	49	20	54	99	22	5	74	71	59	81	82	30	55	50	88	85	47	87	89	92	66	13	63	82	32	8	38	3	93	77	23	98	27	56	29	26	
21	26	58	51	88	51	85	53	79	53	3	99	11	73	45	99	6	69	62	51	20	50	61	89	88	8	47	1	66	25	10	77	87	4	84	63	41	83	50	80	58	83	75	66	46	8	64	80	3	30	
41	74	11	25	39	16	42	100	13	69	92	50	86	22	86	79	48	76	37	86	69	20	91	89	24	44	23	100	27	15	30	22	32	57	96	82	83	58	84	52	30	24	77	7	51	58	40	12	62	40	
65	53	3	98	26	77	27	88	42	26	9	67	75	68	90	14	20	72	71	16	36	95	39	51	29	58	42	9	47	14	55	23	42	53	75	32	50	84	36	44	84	67	9	75	58	21	7	62	51	45	
89	57	79	75	27	23	14	82	47	1	34	46	66	81	61	63	97	43	100	28	72	74	31	89	69	1	95	93	51	71	39	11	38	81	37	8	80	52	44	15	34	43	73	99	100	52	58	70	93	74	
14	25	23	68	68	50	15	82	19	76	91	35	19	26	91	39	58	4	58	53	35	84	36	70	97	62	44	71	94	56	50	95	25	19	67	38	58	30	84	34	36	99	53	13	67	14	36	79	54	47	
72	20	38	53	23	44	27	28	77	22	11	97	88	6	72	91	26	93	81	38	40	53	92	64	90	74	54	16	56	3	59	87	72	44	1	3	83	24	67	43	99	40	25	77	22	95	62	83	75	39	
88	50	82	31	2	30	90	54	92	52	94	47	75	88	85	87	22	41	54	23	90	54	42	33	43	31	19	24	59	33	88	87	98	88	86	93	75	77	9	73	53	25	17	2	73	9	41	47	68	7	
28	94	61	58	59	95	46	77	35	10	29	23	56	27	42	50	86	58	5	33	44	40	94	12	6	60	24	14	18	71	94	67	72	36	5	77	66	7	75	99	13	77	2	7	43	59	52	74	88	40	
44	59	74	85	20	13	74	53	74	60	62	15	37	76	16	3	15	52	47	60	32	36	9	24	13	88	43	34	22	30	14	70	68	42	87	23	46	51	58	100	67	22	73	43	15	21	97	55	76	53	
27	75	35	44	57	82	90	13	77	93	16	75	37	15	62	26	82	75	13	27	11	49	72	56	21	84	38	7	2	14	5	59	59	99	74	98	8	58	21	52	14	95	9	59	21	52	81	36	1	72	
59	53	98	60	27	50	71	99	53	36	50	57	19	28	74	53	93	74	100	98	47	7	77	22	15	37	80	18	91	33	65	17	9	10	36	27	64	40	7	58	36	62	41	52	97	81	54	37	75	30	
19	51	91	16	11	21	26	97	68	52	55	25	82	65	57	18	2	50	70	14	9	78	97	12	75	80	83	75	36	11	73	90	85	54	68	56	80	12	62	70	79	83	47	74	55	36	37	81	58	96	
57	86	63	26	72	28	26	58	58	68	27	94	97	98	68	51	36	37	70	61	24	11	94	49	65	35	4	6	7	71	86	15	52	77	87	29	3	62	51	93	54	75	68	88	76	1	75	58	3	87	
19	75	7	16	42	6	77	36	1	40	15	51	35	65	92	12	21	1	25	74	51	73	97	27	56	97	59	36	40	40	13	10	11	17	46	26	30	40	45	74	47	39	7	40	53	72	30	96	87	22	
