50
1225
59	99	9	31	78	59	13	64	84	94	40	30	98	51	60	99	78	53	91	85	22	8	82	21	61	30	38	27	57	43	18	90	28	55	3	28	60	27	62	25	33	89	9	44	44	3	85	15	45	82	
8	32	22	95	50	38	98	93	40	30	64	74	55	98	25	31	19	18	1	4	57	45	100	56	44	49	88	46	22	95	71	64	55	59	25	37	69	56	16	50	15	78	26	32	10	32	46	48	79	52	
32	33	57	55	97	14	51	91	70	81	2	22	99	19	70	47	54	66	81	77	96	33	14	79	55	20	72	18	80	13	55	48	24	41	68	71	97	72	51	54	72	6	41	22	97	70	51	52	47	47	
22	57	36	23	13	65	56	55	95	54	11	44	22	77	92	93	72	30	92	59	61	86	37	46	54	53	94	96	10	2	57	52	30	57	69	62	59	52	57	80	33	92	77	64	67	87	48	42	11	26	
95	55	23	58	4	32	75	35	82	58	68	57	95	26	2	99	58	61	59	25	13	1	18	84	18	31	31	34	54	75	24	52	93	41	41	73	9	76	42	89	21	36	71	11	43	9	66	33	70	39	
50	97	13	4	98	67	38	89	94	12	48	9	60	60	65	14	36	18	33	26	50	1	76	57	39	36	96	31	76	98	20	79	27	5	90	87	51	16	50	81	88	30	28	70	36	8	49	50	85	81	
38	14	65	32	67	33	79	51	28	64	3	32	44	7	18	13	44	67	33	85	27	37	20	4	29	89	77	48	63	87	30	23	3	43	50	6	95	89	35	40	91	98	16	98	83	59	76	71	84	40	
98	51	56	75	38	79	14	28	53	52	33	84	77	54	82	48	46	56	67	97	53	68	62	45	20	55	45	70	42	73	99	88	94	84	64	33	66	49	10	36	77	100	66	84	31	35	14	94	77	88	
93	91	55	35	89	51	28	52	36	72	94	94	49	80	98	50	84	64	11	66	29	38	73	53	65	64	45	60	22	31	21	4	92	26	72	11	60	31	41	71	99	97	71	72	57	68	34	11	32	82	
40	70	95	82	94	28	53	36	11	11	34	56	32	33	31	10	22	32	94	16	76	30	88	69	64	98	52	38	3	16	8	93	45	42	67	12	71	57	39	27	98	58	89	5	40	47	80	94	85	46	
30	81	54	58	12	64	52	72	11	73	81	47	69	29	27	49	41	81	90	40	20	54	28	59	2	39	4	39	29	73	76	43	16	52	26	84	24	64	15	33	71	7	65	61	68	31	18	66	56	82	
64	2	11	68	48	3	33	94	34	81	60	33	83	47	27	15	41	20	12	21	6	74	98	75	45	79	48	42	75	29	48	37	28	98	65	87	13	5	26	67	84	88	14	9	48	87	73	65	24	86	
74	22	44	57	9	32	84	94	56	47	33	51	91	13	61	51	56	18	57	44	67	48	78	59	72	86	95	28	46	33	91	52	56	19	75	80	36	2	55	77	91	46	67	25	6	46	68	5	20	98	
55	99	22	95	60	44	77	49	32	69	83	91	24	14	29	84	31	90	78	60	50	10	56	24	44	61	19	34	31	23	36	80	63	82	64	91	68	16	29	63	72	81	94	56	32	8	66	69	61	1	
98	19	77	26	60	7	54	80	33	29	47	13	14	63	32	77	26	19	16	87	52	74	46	8	62	60	93	19	80	30	41	43	8	45	20	94	52	91	46	92	82	17	35	13	55	94	50	67	44	29	
25	70	92	2	65	18	82	98	31	27	27	61	29	32	65	38	65	11	13	23	10	58	94	96	8	70	47	75	91	61	99	73	92	74	29	51	21	52	90	50	70	80	18	49	82	19	21	54	28	55	
31	47	93	99	14	13	48	50	10	49	15	51	84	77	38	57	53	21	92	57	89	28	49	39	22	33	75	40	69	28	71	77	66	55	92	60	16	83	65	24	22	51	5	85	43	71	79	94	92	94	
19	54	72	58	36	44	46	84	22	41	41	56	31	26	65	53	25	27	19	80	38	94	71	57	23	8	68	97	26	11	43	74	86	44	17	12	43	95	36	2	85	80	60	35	13	99	56	31	50	4	
18	66	30	61	18	67	56	64	32	81	20	18	90	19	11	21	27	62	92	1	44	87	27	69	84	37	82	96	30	90	38	38	21	13	27	87	40	100	39	2	67	88	22	45	29	41	17	24	50	29	
1	81	92	59	33	33	67	11	94	90	12	57	78	16	13	92	19	92	57	70	18	17	70	4	15	60	92	60	30	94	23	42	85	50	52	73	87	53	76	99	25	55	82	30	94	69	92	65	61	87	
4	77	59	25	26	85	97	66	16	40	21	44	60	87	23	57	80	1	70	86	96	35	5	59	79	73	48	23	49	91	32	40	67	67	29	74	62	27	45	14	100	68	76	23	1	63	14	34	94	57	
57	96	61	13	50	27	53	29	76	20	6	67	50	52	10	89	38	44	18	96	35	74	40	32	83	33	16	24	75	80	99	12	54	74	87	59	8	58	28	28	57	40	78	85	86	99	75	11	78	95	
45	33	86	1	1	37	68	38	30	54	74	48	10	74	58	28	94	87	17	35	74	50	68	48	72	9	79	11	88	56	73	77	99	84	38	56	59	87	41	4	35	26	76	83	68	83	57	100	1	51	
100	14	37	18	76	20	62	73	88	28	98	78	56	46	94	49	71	27	70	5	40	68	2	19	99	39	8	6	1	8	46	35	15	42	45	42	43	94	52	55	25	27	9	99	41	86	40	95	11	28	
56	79	46	84	57	4	45	53	69	59	75	59	24	8	96	39	57	69	4	59	32	48	19	35	19	53	70	30	24	93	30	56	85	3	99	98	37	51	52	63	80	76	82	3	99	52	68	53	50	23	
44	55	54	18	39	29	20	65	64	2	45	72	44	62	8	22	23	84	15	79	83	72	99	19	60	91	88	71	96	14	82	20	37	79	10	45	99	81	8	99	87	68	6	71	64	87	24	51	52	27	
49	20	53	31	36	89	55	64	98	39	79	86	61	60	70	33	8	37	60	73	33	9	39	53	91	6	97	52	48	43	27	90	35	37	98	75	76	62	76	55	11	7	58	6	75	21	62	43	31	69	
88	72	94	31	96	77	45	45	52	4	48	95	19	93	47	75	68	82	92	48	16	79	8	70	88	97	46	9	65	34	55	21	27	24	75	20	5	49	81	94	61	38	6	31	79	15	32	99	90	57	
46	18	96	34	31	48	70	60	38	39	42	28	34	19	75	40	97	96	60	23	24	11	6	30	71	52	9	41	21	43	96	4	51	1	88	44	91	2	29	43	95	92	7	45	57	84	27	53	64	44	
22	80	10	54	76	63	42	22	3	29	75	46	31	80	91	69	26	30	30	49	75	88	1	24	96	48	65	21	2	55	40	71	73	24	61	89	58	21	42	75	22	30	76	65	2	46	31	34	99	83	
95	13	2	75	98	87	73	31	16	73	29	33	23	30	61	28	11	90	94	91	80	56	8	93	14	43	34	43	55	59	9	77	17	84	25	4	71	53	33	18	27	50	25	60	78	24	39	88	48	94	
71	55	57	24	20	30	99	21	8	76	48	91	36	41	99	71	43	38	23	32	99	73	46	30	82	27	55	96	40	9	57	57	17	6	42	59	4	40	18	73	48	13	40	5	96	56	41	11	61	82	
64	48	52	52	79	23	88	4	93	43	37	52	80	43	73	77	74	38	42	40	12	77	35	56	20	90	21	4	71	77	57	24	73	92	58	22	12	69	62	85	8	77	85	65	29	50	59	97	88	16	
55	24	30	93	27	3	94	92	45	16	28	56	63	8	92	66	86	21	85	67	54	99	15	85	37	35	27	51	73	17	17	73	23	12	58	80	49	30	56	83	13	10	75	56	28	5	65	68	5	57	
59	41	57	41	5	43	84	26	42	52	98	19	82	45	74	55	44	13	50	67	74	84	42	3	79	37	24	1	24	84	6	92	12	92	1	59	38	58	100	43	9	65	80	91	94	81	33	34	60	37	
25	68	69	41	90	50	64	72	67	26	65	75	64	20	29	92	17	27	52	29	87	38	45	99	10	98	75	88	61	25	42	58	58	1	27	34	39	84	91	66	84	89	1	23	32	73	57	22	28	18	
37	71	62	73	87	6	33	11	12	84	87	80	91	94	51	60	12	87	73	74	59	56	42	98	45	75	20	44	89	4	59	22	80	59	34	87	73	81	10	77	47	87	18	37	34	15	77	77	34	33	
69	97	59	9	51	95	66	60	71	24	13	36	68	52	21	16	43	40	87	62	8	59	43	37	99	76	5	91	58	71	4	12	49	38	39	73	98	91	85	68	67	5	40	48	32	63	25	55	60	30	
56	72	52	76	16	89	49	31	57	64	5	2	16	91	52	83	95	100	53	27	58	87	94	51	81	62	49	2	21	53	40	69	30	58	84	81	91	84	100	71	40	30	70	43	91	1	63	62	70	18	
16	51	57	42	50	35	10	41	39	15	26	55	29	46	90	65	36	39	76	45	28	41	52	52	8	76	81	29	42	33	18	62	56	100	91	10	85	100	84	13	15	65	10	96	84	98	12	19	47	44	
50	54	80	89	81	40	36	71	27	33	67	77	63	92	50	24	2	2	99	14	28	4	55	63	99	55	94	43	75	18	73	85	83	43	66	77	68	71	13	3	11	94	82	8	83	89	72	26	79	77	
15	72	33	21	88	91	77	99	98	71	84	91	72	82	70	22	85	67	25	100	57	35	25	80	87	11	61	95	22	27	48	8	13	9	84	47	67	40	15	11	72	22	71	98	45	17	70	93	54	22	
78	6	92	36	30	98	100	97	58	7	88	46	81	17	80	51	80	88	55	68	40	26	27	76	68	7	38	92	30	50	13	77	10	65	89	87	5	30	65	94	22	59	37	45	67	36	6	76	63	13	
26	41	77	71	28	16	66	71	89	65	14	67	94	35	18	5	60	22	82	76	78	76	9	82	6	58	6	7	76	25	40	85	75	80	1	18	40	70	10	82	71	37	86	75	14	15	66	57	69	69	
32	22	64	11	70	98	84	72	5	61	9	25	56	13	49	85	35	45	30	23	85	83	99	3	71	6	31	45	65	60	5	65	56	91	23	37	48	43	96	8	98	45	75	83	87	68	45	12	53	60	
10	97	67	43	36	83	31	57	40	68	48	6	32	55	82	43	13	29	94	1	86	68	41	99	64	75	79	57	2	78	96	29	28	94	32	34	32	91	84	83	45	67	14	87	93	90	9	28	68	72	
32	70	87	9	8	59	35	68	47	31	87	46	8	94	19	71	99	41	69	63	99	83	86	52	87	21	15	84	46	24	56	50	5	81	73	15	63	1	98	89	17	36	15	68	90	65	43	19	26	30	
46	51	48	66	49	76	14	34	80	18	73	68	66	50	21	79	56	17	92	14	75	57	40	68	24	62	32	27	31	39	41	59	65	33	57	77	25	63	12	72	70	6	66	45	9	43	3	68	11	81	
48	52	42	33	50	71	94	11	94	66	65	5	69	67	54	94	31	24	65	34	11	100	95	53	51	43	99	53	34	88	11	97	68	34	22	77	55	62	19	26	93	76	57	12	28	19	68	5	16	57	
79	47	11	70	85	84	77	32	85	56	24	20	61	44	28	92	50	50	61	94	78	1	11	50	52	31	90	64	99	48	61	88	5	60	28	34	60	70	47	79	54	63	69	53	68	26	11	16	7	43	
52	47	26	39	81	40	88	82	46	82	86	98	1	29	55	94	4	29	87	57	95	51	28	23	27	69	57	44	83	94	82	16	57	37	18	33	30	18	44	77	22	13	69	60	72	30	81	57	43	38	
