50
1066
30	88	73	25	13	40	64	30	14	12	36	91	12	38	39	73	55	96	68	29	59	91	9	2	24	77	82	98	84	20	73	85	43	45	45	9	21	83	55	48	81	17	56	25	70	35	81	91	32	18	
75	64	96	25	46	28	21	63	7	69	90	19	87	47	4	71	97	53	60	38	23	35	60	49	16	50	79	91	80	64	66	78	91	66	46	92	70	1	7	91	24	16	17	26	6	26	98	2	61	56	
64	65	34	16	75	73	17	24	97	91	42	67	94	20	65	58	14	69	99	37	46	41	79	69	91	65	64	19	7	15	82	36	68	39	10	35	90	51	97	44	7	31	14	6	2	54	65	55	4	6	
96	34	64	26	87	25	10	35	34	39	10	93	41	59	99	80	94	95	54	79	75	46	3	54	16	9	79	41	7	49	13	11	13	17	5	37	26	61	43	97	80	36	41	80	16	13	92	83	48	54	
25	16	26	89	14	80	25	30	65	72	29	77	64	19	22	58	47	63	62	29	23	36	79	4	11	82	11	35	84	66	34	25	100	2	88	100	99	61	30	95	38	92	21	34	36	61	91	71	1	68	
46	75	87	14	47	43	40	8	60	32	76	46	2	76	2	94	71	86	90	91	100	12	1	42	88	5	66	19	33	1	59	74	12	77	22	59	10	2	57	51	39	1	52	41	39	64	18	71	18	87	
28	73	25	80	43	12	63	25	38	37	14	100	31	10	47	3	64	62	6	7	63	14	50	84	62	43	7	51	91	10	88	96	74	30	57	93	32	44	77	38	79	13	76	95	71	69	62	77	43	20	
21	17	10	25	40	63	30	94	28	57	43	44	56	73	27	24	21	95	3	47	46	58	23	43	77	65	45	39	6	88	79	42	95	89	39	75	24	18	67	17	55	22	60	29	98	77	70	52	49	28	
63	24	35	30	8	25	94	4	91	46	22	10	99	68	12	34	85	57	9	50	54	89	30	96	73	1	88	45	60	61	98	21	15	39	17	28	15	38	7	89	21	80	10	5	21	77	99	33	9	42	
7	97	34	65	60	38	28	91	14	70	94	55	54	35	89	58	64	87	39	23	34	38	26	66	51	15	33	35	81	92	48	74	95	60	20	24	44	47	70	63	21	9	100	88	11	51	96	23	41	62	
69	91	39	72	32	37	57	46	70	20	7	34	14	61	27	24	40	92	65	81	30	25	99	91	84	13	65	39	48	12	7	3	96	68	23	10	61	21	12	95	7	54	56	94	93	93	10	10	80	82	
90	42	10	29	76	14	43	22	94	7	5	79	3	96	21	82	55	57	57	97	98	81	58	84	29	38	71	10	62	79	32	39	1	86	60	61	43	78	46	60	23	86	25	21	70	48	85	97	7	39	
19	67	93	77	46	100	44	10	55	34	79	66	46	29	42	93	12	86	20	54	10	7	71	96	54	35	42	87	78	92	98	35	63	33	30	30	88	100	64	34	61	8	58	50	12	24	72	11	71	63	
87	94	41	64	2	31	56	99	54	14	3	46	74	47	93	14	25	98	94	44	78	21	64	83	44	66	36	92	48	16	27	75	34	30	94	84	47	76	26	27	87	59	83	2	35	89	94	30	31	44	
47	20	59	19	76	10	73	68	35	61	96	29	47	74	7	53	70	52	81	34	21	4	22	1	72	25	21	46	78	40	71	10	37	31	48	36	48	51	87	28	10	6	68	48	95	55	32	61	28	70	
4	65	99	22	2	47	27	12	89	27	21	42	93	7	7	84	97	18	83	74	98	55	45	78	56	57	61	69	47	91	35	76	39	36	84	63	15	66	2	55	76	23	33	78	62	46	29	91	4	81	
71	58	80	58	94	3	24	34	58	24	82	93	14	53	84	81	88	55	62	23	74	56	40	79	27	58	87	81	21	35	79	41	96	34	64	98	36	11	30	7	54	31	35	59	7	82	74	22	69	18	
97	14	94	47	71	64	21	85	64	40	55	12	25	70	97	88	10	3	92	88	6	74	59	16	93	42	81	26	83	65	91	65	72	89	64	52	44	93	72	68	49	77	13	53	85	21	48	61	52	18	
53	69	95	63	86	62	95	57	87	92	57	86	98	52	18	55	3	94	26	88	51	93	62	88	77	86	37	34	49	74	40	48	74	25	34	21	59	90	65	59	95	37	72	16	34	13	79	27	30	96	
60	99	54	62	90	6	3	9	39	65	57	20	94	81	83	62	92	26	6	4	15	82	54	72	44	67	74	11	68	39	62	17	20	76	32	84	18	21	83	6	71	67	73	18	81	33	28	8	5	92	
38	37	79	29	91	7	47	50	23	81	97	54	44	34	74	23	88	88	4	63	37	70	1	86	48	36	37	27	51	6	2	95	19	70	35	1	17	35	39	51	9	37	24	68	62	65	8	48	60	95	
23	46	75	23	100	63	46	54	34	30	98	10	78	21	98	74	6	51	15	37	24	94	72	96	63	84	78	39	12	54	42	63	44	1	100	67	5	30	88	40	68	13	68	32	46	82	92	27	35	15	
35	41	46	36	12	14	58	89	38	25	81	7	21	4	55	56	74	93	82	70	94	97	28	79	48	53	12	45	86	74	24	37	58	70	44	74	88	67	15	24	71	13	16	60	49	29	57	63	5	14	
60	79	3	79	1	50	23	30	26	99	58	71	64	22	45	40	59	62	54	1	72	28	31	71	44	53	25	35	26	82	63	61	83	30	29	1	57	89	33	21	94	86	81	15	15	17	15	16	40	27	
49	69	54	4	42	84	43	96	66	91	84	96	83	1	78	79	16	88	72	86	96	79	71	78	95	11	67	78	33	74	79	32	63	85	45	77	100	49	66	63	93	10	58	5	71	49	99	96	40	55	
16	91	16	11	88	62	77	73	51	84	29	54	44	72	56	27	93	77	44	48	63	48	44	95	11	27	74	15	67	7	61	77	47	22	36	52	23	30	50	86	98	96	7	33	86	18	4	89	44	24	
50	65	9	82	5	43	65	1	15	13	38	35	66	25	57	58	42	86	67	36	84	53	53	11	27	35	90	2	30	44	84	48	46	54	26	74	20	79	90	50	82	63	65	44	2	61	68	45	56	71	
79	64	79	11	66	7	45	88	33	65	71	42	36	21	61	87	81	37	74	37	78	12	25	67	74	90	7	37	71	73	12	66	37	50	67	15	98	17	2	90	5	100	29	93	63	80	3	43	34	29	
91	19	41	35	19	51	39	45	35	39	10	87	92	46	69	81	26	34	11	27	39	45	35	78	15	2	37	96	25	44	15	65	13	62	36	16	50	2	98	63	23	58	38	20	47	21	8	66	95	69	
80	7	7	84	33	91	6	60	81	48	62	78	48	78	47	21	83	49	68	51	12	86	26	33	67	30	71	25	8	31	84	33	28	51	25	53	66	16	56	71	91	10	41	85	82	95	97	15	33	4	
64	15	49	66	1	10	88	61	92	12	79	92	16	40	91	35	65	74	39	6	54	74	82	74	7	44	73	44	31	7	12	60	58	2	6	82	81	79	82	50	22	41	33	90	23	26	58	1	7	79	
66	82	13	34	59	88	79	98	48	7	32	98	27	71	35	79	91	40	62	2	42	24	63	79	61	84	12	15	84	12	4	63	2	65	7	23	34	22	40	82	27	15	69	37	64	39	55	11	71	42	
78	36	11	25	74	96	42	21	74	3	39	35	75	10	76	41	65	48	17	95	63	37	61	32	77	48	66	65	33	60	63	92	59	78	66	89	2	2	87	8	91	25	24	41	67	61	56	59	86	96	
91	68	13	100	12	74	95	15	95	96	1	63	34	37	39	96	72	74	20	19	44	58	83	63	47	46	37	13	28	58	2	59	65	29	67	21	68	91	26	83	82	100	7	12	88	62	26	71	83	94	
66	39	17	2	77	30	89	39	60	68	86	33	30	31	36	34	89	25	76	70	1	70	30	85	22	54	50	62	51	2	65	78	29	44	59	42	92	76	62	42	66	55	44	1	19	2	50	59	63	36	
46	10	5	88	22	57	39	17	20	23	60	30	94	48	84	64	64	34	32	35	100	44	29	45	36	26	67	36	25	6	7	66	67	59	8	18	73	3	28	49	90	34	7	10	77	2	2	99	24	16	
92	35	37	100	59	93	75	28	24	10	61	30	84	36	63	98	52	21	84	1	67	74	1	77	52	74	15	16	53	82	23	89	21	42	18	87	62	73	33	79	80	96	11	97	43	57	80	51	23	38	
70	90	26	99	10	32	24	15	44	61	43	88	47	48	15	36	44	59	18	17	5	88	57	100	23	20	98	50	66	81	34	2	68	92	73	62	89	57	5	40	53	46	68	58	16	29	72	95	1	60	
1	51	61	61	2	44	18	38	47	21	78	100	76	51	66	11	93	90	21	35	30	67	89	49	30	79	17	2	16	79	22	2	91	76	3	73	57	41	91	3	73	5	60	65	34	22	33	53	69	83	
7	97	43	30	57	77	67	7	70	12	46	64	26	87	2	30	72	65	83	39	88	15	33	66	50	90	2	98	56	82	40	87	26	62	28	33	5	91	24	80	91	22	93	80	12	100	79	70	98	49	
91	44	97	95	51	38	17	89	63	95	60	34	27	28	55	7	68	59	6	51	40	24	21	63	86	50	90	63	71	50	82	8	83	42	49	79	40	3	80	59	50	18	6	2	57	11	96	3	8	92	
24	7	80	38	39	79	55	21	21	7	23	61	87	10	76	54	49	95	71	9	68	71	94	93	98	82	5	23	91	22	27	91	82	66	90	80	53	73	91	50	43	26	86	79	48	72	7	25	48	4	
16	31	36	92	1	13	22	80	9	54	86	8	59	6	23	31	77	37	67	37	13	13	86	10	96	63	100	58	10	41	15	25	100	55	34	96	46	5	22	18	26	63	52	38	15	76	57	27	17	50	
17	14	41	21	52	76	60	10	100	56	25	58	83	68	33	35	13	72	73	24	68	16	81	58	7	65	29	38	41	33	69	24	7	44	7	11	68	60	93	6	86	52	63	38	54	6	66	64	40	91	
26	6	80	34	41	95	29	5	88	94	21	50	2	48	78	59	53	16	18	68	32	60	15	5	33	44	93	20	85	90	37	41	12	1	10	97	58	65	80	2	79	38	38	100	90	53	19	86	63	89	
6	2	16	36	39	71	98	21	11	93	70	12	35	95	62	7	85	34	81	62	46	49	15	71	86	2	63	47	82	23	64	67	88	19	77	43	16	34	12	57	48	15	54	90	64	37	77	40	63	35	
26	54	13	61	64	69	77	77	51	93	48	24	89	55	46	82	21	13	33	65	82	29	17	49	18	61	80	21	95	26	39	61	62	2	2	57	29	22	100	11	72	76	6	53	37	14	25	18	70	77	
98	65	92	91	18	62	70	99	96	10	85	72	94	32	29	74	48	79	28	8	92	57	15	99	4	68	3	8	97	58	55	56	26	50	2	80	72	33	79	96	7	57	66	19	77	25	22	72	23	42	
2	55	83	71	71	77	52	33	23	10	97	11	30	61	91	22	61	27	8	48	27	63	16	96	89	45	43	66	15	1	11	59	71	59	99	51	95	53	70	3	25	27	64	86	40	18	72	10	87	37	
61	4	48	1	18	43	49	9	41	80	7	71	31	28	4	69	52	30	5	60	35	5	40	40	44	56	34	95	33	7	71	86	83	63	24	23	1	69	98	8	48	17	40	63	63	70	23	87	41	90	
56	6	54	68	87	20	28	42	62	82	39	63	44	70	81	18	18	96	92	95	15	14	27	55	24	71	29	69	4	79	42	96	94	36	16	38	60	83	49	92	4	50	91	89	35	77	42	37	90	90	
