50
1039
83	77	37	54	47	29	72	27	48	6	3	8	41	5	100	68	6	9	81	12	14	79	99	10	98	27	63	57	43	100	44	55	23	65	26	9	47	82	29	57	12	8	69	63	39	81	43	52	38	89	
94	78	36	39	75	19	86	82	96	25	45	83	41	75	53	93	88	15	59	12	22	2	39	80	52	60	30	95	2	80	71	61	32	59	100	90	38	83	82	58	27	96	75	5	71	19	73	17	8	12	
78	59	28	65	97	53	48	84	35	24	40	82	13	85	3	96	10	15	31	13	18	19	88	85	31	58	58	53	68	27	55	67	68	36	9	29	85	71	41	95	20	36	90	63	20	17	87	28	62	11	
36	28	100	86	87	84	25	80	47	63	19	13	59	98	36	87	4	28	94	86	13	96	96	68	96	28	97	74	80	46	63	80	54	18	63	40	60	82	26	33	14	29	30	73	81	96	48	87	88	1	
39	65	86	65	40	87	10	55	44	36	92	73	36	97	30	21	62	59	28	24	55	18	14	27	46	66	10	29	72	25	27	59	44	54	31	19	60	10	79	7	69	31	77	84	77	68	63	79	5	17	
75	97	87	40	37	34	70	15	29	83	98	51	74	69	94	88	97	46	84	52	68	35	61	70	65	65	100	78	83	31	17	62	70	22	27	1	67	4	28	5	4	80	1	29	51	84	50	33	3	49	
19	53	84	87	34	19	24	62	19	70	43	40	68	77	52	54	8	36	10	57	25	10	73	25	44	60	16	72	93	58	36	69	25	3	72	61	82	52	99	27	60	52	20	80	18	20	100	54	87	11	
86	48	25	10	70	24	68	88	10	7	11	78	20	50	7	44	7	60	63	4	50	69	45	91	49	60	59	99	21	39	31	31	65	17	37	30	96	83	56	69	5	90	28	31	92	72	10	59	61	41	
82	84	80	55	15	62	88	52	97	70	95	99	12	51	77	31	75	49	54	71	76	3	93	22	28	15	78	73	7	34	2	76	6	95	63	55	22	1	70	93	54	100	49	88	7	80	79	47	89	17	
96	35	47	44	29	19	10	97	11	71	66	20	91	75	8	42	38	11	21	11	99	42	76	34	14	92	44	30	83	39	98	47	37	67	31	21	100	13	10	50	68	44	48	19	58	94	2	88	14	36	
25	24	63	36	83	70	7	70	71	11	78	99	35	41	97	40	14	82	57	68	36	35	18	71	56	60	33	57	31	34	25	53	5	52	60	7	36	63	62	97	65	80	17	76	46	69	40	3	39	95	
45	40	19	92	98	43	11	95	66	78	62	20	51	67	99	54	67	78	1	92	87	23	10	32	31	24	52	75	45	2	7	61	87	24	87	68	93	75	32	23	13	96	80	92	45	65	72	42	29	70	
83	82	13	73	51	40	78	99	20	99	20	53	76	57	1	53	64	6	27	73	18	84	77	35	85	49	47	27	29	75	50	6	84	46	73	75	14	45	95	57	67	19	64	84	29	39	99	48	10	2	
41	13	59	36	74	68	20	12	91	35	51	76	48	73	24	99	65	71	63	62	57	30	43	18	38	95	52	56	67	43	32	13	1	21	19	78	96	62	79	16	54	11	65	90	84	80	62	41	83	68	
75	85	98	97	69	77	50	51	75	41	67	57	73	71	51	71	52	71	77	97	43	88	26	87	24	68	82	50	56	77	71	4	69	6	39	15	15	49	34	57	91	71	71	74	1	10	74	53	56	5	
53	3	36	30	94	52	7	77	8	97	99	1	24	51	84	94	94	64	66	54	20	7	86	52	87	66	30	38	44	44	11	39	79	6	33	34	88	2	14	89	4	77	90	81	76	81	1	37	12	87	
93	96	87	21	88	54	44	31	42	40	54	53	99	71	94	91	23	1	69	70	75	67	11	38	26	90	48	92	96	68	21	24	78	30	44	88	81	4	75	70	88	78	64	81	58	13	69	19	2	93	
88	10	4	62	97	8	7	75	38	14	67	64	65	52	94	23	47	2	77	68	100	6	53	84	87	91	80	50	82	98	94	69	88	30	6	70	4	80	32	69	69	81	51	71	42	95	78	6	52	49	
15	15	28	59	46	36	60	49	11	82	78	6	71	71	64	1	2	6	84	62	26	19	44	63	71	16	86	42	59	92	76	53	94	62	53	32	50	79	17	11	87	1	74	54	35	16	49	19	54	14	
59	31	94	28	84	10	63	54	21	57	1	27	63	77	66	69	77	84	55	58	70	26	85	55	53	16	78	27	44	10	89	37	33	59	54	21	64	57	5	93	45	70	78	11	69	25	26	15	93	62	
12	13	86	24	52	57	4	71	11	68	92	73	62	97	54	70	68	62	58	38	60	28	15	79	33	3	30	4	23	83	53	22	90	8	22	42	62	95	75	2	62	15	2	65	71	32	75	82	36	51	
22	18	13	55	68	25	50	76	99	36	87	18	57	43	20	75	100	26	70	60	58	32	47	28	63	29	42	11	25	23	26	27	77	93	40	34	64	9	28	27	59	71	47	73	56	21	53	85	22	100	
2	19	96	18	35	10	69	3	42	35	23	84	30	88	7	67	6	19	26	28	32	37	20	85	34	42	59	39	8	42	93	20	94	82	49	20	21	85	43	82	54	48	8	65	44	91	86	26	100	29	
39	88	96	14	61	73	45	93	76	18	10	77	43	26	86	11	53	44	85	15	47	20	45	66	14	29	61	8	46	69	55	9	35	42	27	29	11	73	73	38	68	73	29	76	32	61	18	82	25	44	
80	85	68	27	70	25	91	22	34	71	32	35	18	87	52	38	84	63	55	79	28	85	66	43	46	48	62	26	78	85	72	2	69	15	34	58	52	23	66	51	99	17	35	22	52	49	8	86	52	62	
52	31	96	46	65	44	49	28	14	56	31	85	38	24	87	26	87	71	53	33	63	34	14	46	19	3	41	47	45	66	7	95	82	10	20	58	65	87	89	20	15	2	91	49	6	64	9	96	72	81	
60	58	28	66	65	60	60	15	92	60	24	49	95	68	66	90	91	16	16	3	29	42	29	48	3	98	1	77	94	84	90	67	53	61	90	97	21	89	95	49	60	20	31	79	87	26	100	31	22	75	
30	58	97	10	100	16	59	78	44	33	52	47	52	82	30	48	80	86	78	30	42	59	61	62	41	1	7	30	87	28	60	69	77	6	8	26	67	46	37	14	4	88	42	64	41	18	98	42	10	49	
95	53	74	29	78	72	99	73	30	57	75	27	56	50	38	92	50	42	27	4	11	39	8	26	47	77	30	38	94	85	99	33	8	24	23	60	44	35	18	86	68	31	28	41	45	30	55	56	98	21	
2	68	80	72	83	93	21	7	83	31	45	29	67	56	44	96	82	59	44	23	25	8	46	78	45	94	87	94	37	93	65	72	55	12	40	52	25	50	16	61	22	30	48	18	15	19	53	11	38	61	
80	27	46	25	31	58	39	34	39	34	2	75	43	77	44	68	98	92	10	83	23	42	69	85	66	84	28	85	93	22	20	28	65	89	3	17	63	77	91	13	36	64	7	89	78	90	97	89	82	91	
71	55	63	27	17	36	31	2	98	25	7	50	32	71	11	21	94	76	89	53	26	93	55	72	7	90	60	99	65	20	52	67	35	90	13	6	94	80	32	14	30	99	82	71	58	49	64	75	42	41	
61	67	80	59	62	69	31	76	47	53	61	6	13	4	39	24	69	53	37	22	27	20	9	2	95	67	69	33	72	28	67	83	81	8	45	13	46	93	40	97	30	6	96	32	11	18	54	57	50	85	
32	68	54	44	70	25	65	6	37	5	87	84	1	69	79	78	88	94	33	90	77	94	35	69	82	53	77	8	55	65	35	81	83	82	36	71	87	44	74	66	47	68	69	96	10	29	61	51	40	92	
59	36	18	54	22	3	17	95	67	52	24	46	21	6	6	30	30	62	59	8	93	82	42	15	10	61	6	24	12	89	90	8	82	60	69	41	84	53	90	77	29	39	98	82	82	3	34	22	21	76	
100	9	63	31	27	72	37	63	31	60	87	73	19	39	33	44	6	53	54	22	40	49	27	34	20	90	8	23	40	3	13	45	36	69	47	64	58	41	53	86	33	80	17	25	4	15	95	91	43	52	
90	29	40	19	1	61	30	55	21	7	68	75	78	15	34	88	70	32	21	42	34	20	29	58	58	97	26	60	52	17	6	13	71	41	64	46	78	98	71	39	90	20	84	77	27	72	13	34	24	51	
38	85	60	60	67	82	96	22	100	36	93	14	96	15	88	81	4	50	64	62	64	21	11	52	65	21	67	44	25	63	94	46	87	84	58	78	38	98	31	71	63	25	85	75	5	54	43	52	73	43	
83	71	82	10	4	52	83	1	13	63	75	45	62	49	2	4	80	79	57	95	9	85	73	23	87	89	46	35	50	77	80	93	44	53	41	98	98	80	16	94	11	52	50	20	20	26	12	39	57	40	
82	41	26	79	28	99	56	70	10	62	32	95	79	34	14	75	32	17	5	75	28	43	73	66	89	95	37	18	16	91	32	40	74	90	53	71	31	16	76	20	59	95	67	92	54	20	67	86	54	72	
58	95	33	7	5	27	69	93	50	97	23	57	16	57	89	70	69	11	93	2	27	82	38	51	20	49	14	86	61	13	14	97	66	77	86	39	71	94	20	13	84	37	95	5	96	68	42	16	33	25	
27	20	14	69	4	60	5	54	68	65	13	67	54	91	4	88	69	87	45	62	59	54	68	99	15	60	4	68	22	36	30	30	47	29	33	90	63	11	59	84	77	68	9	60	50	8	58	86	88	100	
96	36	29	31	80	52	90	100	44	80	96	19	11	71	77	78	81	1	70	15	71	48	73	17	2	20	88	31	30	64	99	6	68	39	80	20	25	52	95	37	68	37	1	64	99	63	51	18	23	23	
75	90	30	77	1	20	28	49	48	17	80	64	65	71	90	64	51	74	78	2	47	8	29	35	91	31	42	28	48	7	82	96	69	98	17	84	85	50	67	95	9	1	12	45	54	26	9	21	38	63	
5	63	73	84	29	80	31	88	19	76	92	84	90	74	81	81	71	54	11	65	73	65	76	22	49	79	64	41	18	89	71	32	96	82	25	77	75	20	92	5	60	64	45	28	73	26	93	64	82	69	
71	20	81	77	51	18	92	7	58	46	45	29	84	1	76	58	42	35	69	71	56	44	32	52	6	87	41	45	15	78	58	11	10	82	4	27	5	20	54	96	50	99	54	73	58	17	42	80	77	58	
19	17	96	68	84	20	72	80	94	69	65	39	80	10	81	13	95	16	25	32	21	91	61	49	64	26	18	30	19	90	49	18	29	3	15	72	54	26	20	68	8	63	26	26	17	47	76	44	83	22	
73	87	48	63	50	100	10	79	2	40	72	99	62	74	1	69	78	49	26	75	53	86	18	8	9	100	98	55	53	97	64	54	61	34	95	13	43	12	67	42	58	51	9	93	42	76	81	87	37	76	
17	28	87	79	33	54	59	47	88	3	42	48	41	53	37	19	6	19	15	82	85	26	82	86	96	31	42	56	11	89	75	57	51	22	91	34	52	39	86	16	86	18	21	64	80	44	87	34	75	81	
8	62	88	5	3	87	61	89	14	39	29	10	83	56	12	2	52	54	93	36	22	100	25	52	72	22	10	98	38	82	42	50	40	21	43	24	73	57	54	33	88	23	38	82	77	83	37	75	93	1	
12	11	1	17	49	11	41	17	36	95	70	2	68	5	87	93	49	14	62	51	100	29	44	62	81	75	49	21	61	91	41	85	92	76	52	51	43	40	72	25	100	23	63	69	58	22	76	81	1	67	
