50
1604
91	8	98	41	95	22	54	16	23	36	81	74	61	76	1	10	83	96	63	63	90	74	40	84	12	93	95	69	51	52	94	4	78	12	74	30	11	24	27	90	43	2	90	32	20	49	99	82	73	7	
16	27	11	89	44	12	95	57	38	93	42	89	74	96	70	46	99	59	98	26	76	99	39	10	11	31	74	3	48	98	72	58	64	31	38	2	20	78	64	28	30	14	37	46	16	11	30	37	82	54	
27	40	70	35	58	79	3	12	58	52	55	28	40	29	41	78	16	34	72	51	77	3	63	66	72	70	66	70	34	96	70	46	69	80	3	90	48	36	31	36	85	86	98	89	65	58	1	28	1	41	
11	70	77	96	33	60	14	24	42	98	88	8	11	64	75	30	31	65	69	39	48	67	51	45	54	40	33	11	88	1	49	19	17	84	36	43	14	31	43	94	25	98	67	8	89	61	65	10	89	52	
89	35	96	88	87	24	29	75	53	24	70	11	92	14	68	6	65	2	31	45	65	79	18	100	38	68	29	49	73	84	9	72	74	47	47	52	49	48	14	79	80	47	83	24	7	81	13	56	88	32	
44	58	33	87	89	48	25	43	66	40	11	30	73	10	89	26	6	20	86	17	37	45	28	44	7	89	8	21	51	44	42	63	75	57	54	1	29	26	4	68	64	19	50	29	71	13	26	76	85	31	
12	79	60	24	48	35	74	20	14	94	32	51	73	23	78	53	13	54	32	24	70	80	7	23	22	91	24	96	64	81	35	43	12	86	96	62	32	26	3	44	49	79	87	53	24	16	45	19	77	11	
95	3	14	29	25	74	26	14	11	13	35	14	62	49	67	51	25	22	55	99	22	93	76	8	92	48	6	23	35	77	53	55	11	64	16	26	71	60	5	74	8	29	39	97	30	76	92	29	35	13	
57	12	24	75	43	20	14	22	39	47	100	90	42	58	96	49	33	66	63	43	52	53	52	54	67	39	58	97	71	40	87	26	34	38	48	30	69	15	100	88	52	58	75	61	11	20	6	8	96	41	
38	58	42	53	66	14	11	39	47	100	30	26	76	20	56	46	62	48	13	68	6	54	9	17	4	8	81	60	72	95	30	17	86	42	7	58	29	92	19	13	73	3	99	62	17	65	68	24	79	76	
93	52	98	24	40	94	13	47	100	13	20	46	5	77	44	40	85	56	1	49	91	19	47	12	94	83	66	1	73	56	76	89	90	63	10	35	3	82	19	10	49	18	77	25	82	10	95	38	59	13	
42	55	88	70	11	32	35	100	30	20	12	20	8	13	86	24	78	11	38	96	85	51	90	58	33	16	31	75	73	2	99	66	59	87	95	99	49	98	59	65	95	79	75	66	11	29	28	64	34	5	
89	28	8	11	30	51	14	90	26	46	20	76	86	77	81	44	14	90	94	50	85	91	78	43	62	38	87	90	91	26	91	96	100	33	94	39	42	55	7	33	93	57	24	47	99	69	100	8	78	33	
74	40	11	92	73	73	62	42	76	5	8	86	87	54	60	6	2	35	43	45	30	56	52	43	58	37	59	31	39	36	47	12	42	70	54	41	59	29	55	90	5	53	68	60	21	27	64	10	56	75	
96	29	64	14	10	23	49	58	20	77	13	77	54	63	11	78	99	97	62	84	88	52	77	99	84	71	49	95	30	15	4	8	60	54	5	49	69	65	46	23	90	100	35	54	70	63	64	80	27	35	
70	41	75	68	89	78	67	96	56	44	86	81	60	11	89	17	1	62	60	88	61	91	8	54	12	18	27	72	21	72	44	38	69	63	34	4	99	36	100	93	30	85	58	4	22	4	36	9	18	60	
46	78	30	6	26	53	51	49	46	40	24	44	6	78	17	28	22	19	40	9	78	55	64	36	46	37	85	98	92	25	13	30	53	84	12	32	13	64	81	73	2	69	75	50	34	99	97	56	58	73	
99	16	31	65	6	13	25	33	62	85	78	14	2	99	1	22	4	73	39	15	1	93	7	13	78	92	37	70	87	49	10	88	84	92	71	78	26	27	74	76	30	49	23	66	8	8	65	5	3	37	
59	34	65	2	20	54	22	66	48	56	11	90	35	97	62	19	73	29	28	29	41	60	41	30	39	87	42	10	76	81	30	31	33	62	55	35	40	49	42	27	76	68	1	58	34	77	2	54	82	39	
98	72	69	31	86	32	55	63	13	1	38	94	43	62	60	40	39	28	8	57	51	71	91	99	59	49	37	82	96	64	17	100	83	91	81	34	69	45	66	14	9	31	41	47	44	84	19	67	16	56	
26	51	39	45	17	24	99	43	68	49	96	50	45	84	88	9	15	29	57	32	67	23	22	22	27	54	99	52	82	79	29	11	12	20	87	6	86	2	51	3	69	21	64	22	27	32	81	15	88	70	
76	77	48	65	37	70	22	52	6	91	85	85	30	88	61	78	1	41	51	67	99	74	88	82	98	19	2	96	8	77	12	80	71	96	1	73	22	82	26	15	42	28	11	40	6	42	83	8	76	18	
99	3	67	79	45	80	93	53	54	19	51	91	56	52	91	55	93	60	71	23	74	55	54	99	27	35	3	43	28	86	24	56	72	10	74	93	66	41	77	65	77	16	51	35	41	71	97	21	92	80	
39	63	51	18	28	7	76	52	9	47	90	78	52	77	8	64	7	41	91	22	88	54	93	83	37	51	21	61	79	61	64	69	86	9	65	19	32	14	66	55	82	45	72	20	11	34	76	12	64	27	
10	66	45	100	44	23	8	54	17	12	58	43	43	99	54	36	13	30	99	22	82	99	83	36	64	95	60	94	67	72	9	36	83	99	81	36	78	86	32	18	96	14	41	91	37	24	27	32	62	48	
11	72	54	38	7	22	92	67	4	94	33	62	58	84	12	46	78	39	59	27	98	27	37	64	36	89	4	81	22	82	59	5	58	64	43	19	58	60	10	87	62	46	19	37	100	30	79	97	80	47	
31	70	40	68	89	91	48	39	8	83	16	38	37	71	18	37	92	87	49	54	19	35	51	95	89	6	78	12	25	52	56	28	44	15	52	58	25	78	30	14	39	72	88	92	98	85	20	33	61	25	
74	66	33	29	8	24	6	58	81	66	31	87	59	49	27	85	37	42	37	99	2	3	21	60	4	78	29	54	2	42	42	69	32	68	26	13	84	25	96	31	85	86	67	43	36	99	63	15	52	16	
3	70	11	49	21	96	23	97	60	1	75	90	31	95	72	98	70	10	82	52	96	43	61	94	81	12	54	13	1	59	69	42	74	89	24	99	81	31	1	7	70	81	68	66	61	88	38	65	57	45	
48	34	88	73	51	64	35	71	72	73	73	91	39	30	21	92	87	76	96	82	8	28	79	67	22	25	2	1	40	13	13	73	40	76	51	72	67	58	76	95	89	91	42	7	44	65	91	20	23	27	
98	96	1	84	44	81	77	40	95	56	2	26	36	15	72	25	49	81	64	79	77	86	61	72	82	52	42	59	13	40	34	66	13	90	53	19	19	2	34	81	41	80	64	99	43	97	6	44	75	13	
72	70	49	9	42	35	53	87	30	76	99	91	47	4	44	13	10	30	17	29	12	24	64	9	59	56	42	69	13	34	16	20	53	80	67	100	5	58	55	64	1	48	81	41	77	3	41	45	49	93	
58	46	19	72	63	43	55	26	17	89	66	96	12	8	38	30	88	31	100	11	80	56	69	36	5	28	69	42	73	66	20	13	80	99	11	9	13	74	22	29	87	11	38	34	48	36	95	92	36	91	
64	69	17	74	75	12	11	34	86	90	59	100	42	60	69	53	84	33	83	12	71	72	86	83	58	44	32	74	40	13	53	80	83	65	41	24	54	56	82	72	93	37	76	48	10	70	46	27	55	39	
31	80	84	47	57	86	64	38	42	63	87	33	70	54	63	84	92	62	91	20	96	10	9	99	64	15	68	89	76	90	80	99	65	20	72	6	33	82	34	87	91	23	84	74	67	46	41	71	35	39	
38	3	36	47	54	96	16	48	7	10	95	94	54	5	34	12	71	55	81	87	1	74	65	81	43	52	26	24	51	53	67	11	41	72	96	93	73	18	26	50	25	87	29	5	71	76	69	7	19	15	
2	90	43	52	1	62	26	30	58	35	99	39	41	49	4	32	78	35	34	6	73	93	19	36	19	58	13	99	72	19	100	9	24	6	93	19	77	57	36	75	58	42	75	99	10	40	31	97	66	58	
20	48	14	49	29	32	71	69	29	3	49	42	59	69	99	13	26	40	69	86	22	66	32	78	58	25	84	81	67	19	5	13	54	33	73	77	46	86	77	31	7	50	20	18	35	36	84	31	57	48	
78	36	31	48	26	26	60	15	92	82	98	55	29	65	36	64	27	49	45	2	82	41	14	86	60	78	25	31	58	2	58	74	56	82	18	57	86	95	49	58	86	10	61	40	33	73	35	48	84	37	
64	31	43	14	4	3	5	100	19	19	59	7	55	46	100	81	74	42	66	51	26	77	66	32	10	30	96	1	76	34	55	22	82	34	26	36	77	49	99	81	6	98	18	48	60	36	88	83	64	64	
28	36	94	79	68	44	74	88	13	10	65	33	90	23	93	73	76	27	14	3	15	65	55	18	87	14	31	7	95	81	64	29	72	87	50	75	31	58	81	19	84	78	96	86	97	72	88	69	18	35	
30	85	25	80	64	49	8	52	73	49	95	93	5	90	30	2	30	76	9	69	42	77	82	96	62	39	85	70	89	41	1	87	93	91	25	58	7	86	6	84	44	86	93	42	18	84	74	18	71	76	
14	86	98	47	19	79	29	58	3	18	79	57	53	100	85	69	49	68	31	21	28	16	45	14	46	72	86	81	91	80	48	11	37	23	87	42	50	10	98	78	86	69	4	33	25	73	11	60	11	64	
37	98	67	83	50	87	39	75	99	77	75	24	68	35	58	75	23	1	41	64	11	51	72	41	19	88	67	68	42	64	81	38	76	84	29	75	20	61	18	96	93	4	46	28	32	96	90	8	96	48	
46	89	8	24	29	53	97	61	62	25	66	47	60	54	4	50	66	58	47	22	40	35	20	91	37	92	43	66	7	99	41	34	48	74	5	99	18	40	48	86	42	33	28	9	8	39	5	81	93	19	
16	65	89	7	71	24	30	11	17	82	11	99	21	70	22	34	8	34	44	27	6	41	11	37	100	98	36	61	44	43	77	48	10	67	71	10	35	33	60	97	18	25	32	8	40	78	58	24	95	30	
11	58	61	81	13	16	76	20	65	10	29	69	27	63	4	99	8	77	84	32	42	71	34	24	30	85	99	88	65	97	3	36	70	46	76	40	36	73	36	72	84	73	96	39	78	34	50	68	40	87	
30	1	65	13	26	45	92	6	68	95	28	100	64	64	36	97	65	2	19	81	83	97	76	27	79	20	63	38	91	6	41	95	46	41	69	31	84	35	88	88	74	11	90	5	58	50	35	78	81	95	
37	28	10	56	76	19	29	8	24	38	64	8	10	80	9	56	5	54	67	15	8	21	12	32	97	33	15	65	20	44	45	92	27	71	7	97	31	48	83	69	18	60	8	81	24	68	78	75	97	94	
82	1	89	88	85	77	35	96	79	59	34	78	56	27	18	58	3	82	16	88	76	92	64	62	80	61	52	57	23	75	49	36	55	35	19	66	57	84	64	18	71	11	96	93	95	40	81	97	29	15	
54	41	52	32	31	11	13	41	76	13	5	33	75	35	60	73	37	39	56	70	18	80	27	48	47	25	16	45	27	13	93	91	39	39	15	58	48	37	64	35	76	64	48	19	30	87	95	94	15	13	
