50
1396
97	78	48	20	74	22	2	10	5	29	57	40	69	47	69	32	32	25	30	52	35	54	62	69	23	35	77	77	95	47	47	59	100	76	38	100	49	39	41	31	46	26	98	99	85	10	57	59	64	89	
56	47	87	7	59	64	91	50	15	27	9	46	77	46	74	68	40	83	17	45	15	19	55	61	78	91	21	65	25	35	50	75	2	67	23	15	21	5	77	26	48	30	14	91	33	85	44	60	97	62	
47	8	40	57	28	87	89	97	7	70	81	26	73	14	21	1	46	20	51	3	78	85	41	34	54	50	53	88	21	1	23	36	25	99	26	72	55	29	7	1	49	48	74	69	84	48	30	28	95	24	
87	40	87	49	24	28	16	92	60	19	63	81	5	64	45	88	15	90	16	58	33	47	59	26	41	88	13	65	80	40	68	40	22	48	33	55	71	12	81	14	43	26	45	97	15	81	43	94	65	34	
7	57	49	47	60	6	87	4	27	31	9	3	86	1	41	93	52	24	82	94	35	86	7	71	5	41	3	25	78	77	53	80	67	85	46	69	49	9	58	97	72	15	99	28	64	82	9	80	11	28	
59	28	24	60	27	57	48	85	85	85	64	15	10	70	87	89	98	82	24	18	84	6	4	50	39	71	76	97	6	34	21	57	2	72	96	77	29	38	60	74	28	57	87	48	6	29	41	89	98	82	
64	87	28	6	57	64	91	67	28	72	77	90	7	43	88	34	58	40	29	83	56	80	25	15	77	83	92	77	7	12	43	41	54	70	53	89	37	39	8	77	58	77	6	8	28	91	44	70	50	62	
91	89	16	87	48	91	42	67	64	31	92	85	15	5	80	96	33	81	20	9	31	84	51	15	95	64	26	19	85	55	6	74	58	58	56	32	55	16	23	83	6	66	58	9	69	47	58	66	60	17	
50	97	92	4	85	67	67	14	41	48	54	78	23	54	51	2	99	50	82	84	44	99	39	3	78	72	1	55	32	54	53	21	25	81	6	58	96	27	23	32	4	2	45	38	61	85	42	63	9	24	
15	7	60	27	85	28	64	41	70	64	65	71	31	24	33	65	88	43	72	37	84	34	4	31	60	89	59	23	18	40	29	57	96	68	96	56	7	32	71	45	13	17	7	93	58	44	69	57	43	77	
27	70	19	31	85	72	31	48	64	21	20	77	21	10	28	31	41	9	36	52	73	64	52	63	70	52	100	22	39	59	49	53	37	62	100	52	42	76	3	10	1	27	34	58	68	99	63	11	90	2	
9	81	63	9	64	77	92	54	65	20	1	83	81	18	39	59	4	22	1	60	17	29	49	50	44	28	30	89	94	7	75	96	32	63	35	92	75	23	82	98	8	79	21	48	56	19	76	79	97	1	
46	26	81	3	15	90	85	78	71	77	83	41	24	64	67	29	8	43	43	38	24	53	77	93	61	55	36	97	60	21	25	87	2	11	92	38	92	63	83	100	80	22	20	97	81	90	57	89	87	23	
77	73	5	86	10	7	15	23	31	21	81	24	14	89	55	74	1	77	49	37	99	59	85	63	33	53	16	35	83	83	70	62	67	51	88	65	50	84	52	64	74	62	10	76	99	41	31	61	80	49	
46	14	64	1	70	43	5	54	24	10	18	64	89	88	47	77	1	69	86	17	83	5	26	87	92	82	42	91	80	9	78	56	52	92	10	39	93	54	52	21	77	92	95	3	87	97	81	70	5	25	
74	21	45	41	87	88	80	51	33	28	39	67	55	47	69	97	99	78	59	57	35	85	70	36	3	21	67	19	95	96	11	84	16	84	99	96	36	11	76	57	60	7	8	79	43	68	11	38	32	80	
68	1	88	93	89	34	96	2	65	31	59	29	74	77	97	90	79	4	16	98	7	61	35	12	10	91	79	70	50	64	21	76	80	61	40	74	19	5	73	33	2	33	73	20	98	59	68	13	50	37	
40	46	15	52	98	58	33	99	88	41	4	8	1	1	99	79	17	91	86	42	54	61	6	29	48	62	87	19	47	27	95	52	47	13	77	58	21	68	94	62	91	8	17	9	64	86	52	20	71	20	
83	20	90	24	82	40	81	50	43	9	22	43	77	69	78	4	91	18	26	45	24	35	62	56	65	3	92	11	93	35	93	54	88	44	65	26	37	88	9	60	80	24	7	59	88	98	75	1	68	73	
17	51	16	82	24	29	20	82	72	36	1	43	49	86	59	16	86	26	34	91	96	60	19	38	12	74	39	87	83	30	3	81	71	91	95	26	93	80	14	91	71	71	95	82	92	19	12	91	54	20	
45	3	58	94	18	83	9	84	37	52	60	38	37	17	57	98	42	45	91	58	64	50	50	93	76	97	77	17	17	59	7	37	77	47	96	57	6	43	68	40	46	35	77	66	18	99	11	61	67	50	
15	78	33	35	84	56	31	44	84	73	17	24	99	83	35	7	54	24	96	64	81	77	100	49	17	49	22	11	49	21	51	35	33	32	33	8	91	15	74	99	41	28	15	83	58	67	62	5	24	67	
19	85	47	86	6	80	84	99	34	64	29	53	59	5	85	61	61	35	60	50	77	18	96	80	5	81	20	62	17	78	23	76	59	80	28	42	68	62	49	50	77	94	19	12	26	44	95	49	78	72	
55	41	59	7	4	25	51	39	4	52	49	77	85	26	70	35	6	62	19	50	100	96	79	45	8	94	91	41	54	55	10	40	15	28	4	76	63	40	30	47	60	17	53	34	47	81	45	90	69	11	
61	34	26	71	50	15	15	3	31	63	50	93	63	87	36	12	29	56	38	93	49	80	45	26	2	56	33	28	36	39	55	69	39	65	33	14	57	38	58	68	88	11	97	51	55	61	1	31	65	87	
78	54	41	5	39	77	95	78	60	70	44	61	33	92	3	10	48	65	12	76	17	5	8	2	22	74	20	15	28	10	43	39	7	55	49	31	78	41	67	35	44	60	37	52	85	39	54	11	42	80	
91	50	88	41	71	83	64	72	89	52	28	55	53	82	21	91	62	3	74	97	49	81	94	56	74	69	77	89	17	81	9	65	8	19	97	9	88	26	77	93	52	38	13	31	41	100	10	79	91	67	
21	53	13	3	76	92	26	1	59	100	30	36	16	42	67	79	87	92	39	77	22	20	91	33	20	77	10	11	88	63	10	47	59	68	86	89	58	57	48	45	46	87	14	36	2	2	89	60	42	71	
65	88	65	25	97	77	19	55	23	22	89	97	35	91	19	70	19	11	87	17	11	62	41	28	15	89	11	10	64	18	46	78	3	45	72	65	39	78	19	62	34	3	68	24	8	22	46	81	86	97	
25	21	80	78	6	7	85	32	18	39	94	60	83	80	95	50	47	93	83	17	49	17	54	36	28	17	88	64	79	80	29	16	50	37	30	10	81	28	43	6	43	19	4	35	64	22	43	66	11	72	
35	1	40	77	34	12	55	54	40	59	7	21	83	9	96	64	27	35	30	59	21	78	55	39	10	81	63	18	80	54	73	95	94	98	21	51	10	15	65	58	8	6	76	23	47	17	82	79	57	54	
50	23	68	53	21	43	6	53	29	49	75	25	70	78	11	21	95	93	3	7	51	23	10	55	43	9	10	46	29	73	41	5	91	69	10	79	87	26	44	64	23	77	32	98	87	55	39	72	20	57	
75	36	40	80	57	41	74	21	57	53	96	87	62	56	84	76	52	54	81	37	35	76	40	69	39	65	47	78	16	95	5	55	21	28	21	38	97	65	70	64	79	79	36	31	90	55	88	74	97	53	
2	25	22	67	2	54	58	25	96	37	32	2	67	52	16	80	47	88	71	77	33	59	15	39	7	8	59	3	50	94	91	21	84	84	74	98	61	28	66	59	99	37	94	6	63	52	17	100	63	8	
67	99	48	85	72	70	58	81	68	62	63	11	51	92	84	61	13	44	91	47	32	80	28	65	55	19	68	45	37	98	69	28	84	59	45	49	52	11	24	37	50	36	54	76	81	71	31	75	66	87	
23	26	33	46	96	53	56	6	96	100	35	92	88	10	99	40	77	65	95	96	33	28	4	33	49	97	86	72	30	21	10	21	74	45	31	72	26	90	91	76	13	67	96	56	23	38	63	18	37	56	
15	72	55	69	77	89	32	58	56	52	92	38	65	39	96	74	58	26	26	57	8	42	76	14	31	9	89	65	10	51	79	38	98	49	72	36	26	77	60	85	90	14	62	37	58	73	55	81	24	27	
21	55	71	49	29	37	55	96	7	42	75	92	50	93	36	19	21	37	93	6	91	68	63	57	78	88	58	39	81	10	87	97	61	52	26	26	71	4	85	17	37	68	62	25	51	81	21	87	97	48	
5	29	12	9	38	39	16	27	32	76	23	63	84	54	11	5	68	88	80	43	15	62	40	38	41	26	57	78	28	15	26	65	28	11	90	77	4	62	55	66	71	12	1	68	9	11	89	26	40	52	
77	7	81	58	60	8	23	23	71	3	82	83	52	52	76	73	94	9	14	68	74	49	30	58	67	77	48	19	43	65	44	70	66	24	91	60	85	55	8	92	13	21	24	10	92	96	49	46	44	96	
26	1	14	97	74	77	83	32	45	10	98	100	64	21	57	33	62	60	91	40	99	50	47	68	35	93	45	62	6	58	64	64	59	37	76	85	17	66	92	28	69	39	58	10	37	39	16	1	18	87	
48	49	43	72	28	58	6	4	13	1	8	80	74	77	60	2	91	80	71	46	41	77	60	88	44	52	46	34	43	8	23	79	99	50	13	90	37	71	13	69	78	48	70	35	66	64	44	43	1	25	
30	48	26	15	57	77	66	2	17	27	79	22	62	92	7	33	8	24	71	35	28	94	17	11	60	38	87	3	19	6	77	79	37	36	67	14	68	12	21	39	48	72	60	29	46	50	90	97	50	93	
14	74	45	99	87	6	58	45	7	34	21	20	10	95	8	73	17	7	95	77	15	19	53	97	37	13	14	68	4	76	32	36	94	54	96	62	62	1	24	58	70	60	62	33	1	54	42	49	70	38	
91	69	97	28	48	8	9	38	93	58	48	97	76	3	79	20	9	59	82	66	83	12	34	51	52	31	36	24	35	23	98	31	6	76	56	37	25	68	10	10	35	29	33	6	41	9	75	9	72	28	
33	84	15	64	6	28	69	61	58	68	56	81	99	87	43	98	64	88	92	18	58	26	47	55	85	41	2	8	64	47	87	90	63	81	23	58	51	9	92	37	66	46	1	41	56	52	48	18	44	88	
85	48	81	82	29	91	47	85	44	99	19	90	41	97	68	59	86	98	19	99	67	44	81	61	39	100	2	22	22	17	55	55	52	71	38	73	81	11	96	39	64	50	54	9	52	41	85	41	99	61	
44	30	43	9	41	44	58	42	69	63	76	57	31	81	11	68	52	75	12	11	62	95	45	1	54	10	89	46	43	82	39	88	17	31	63	55	21	89	49	16	44	90	42	75	48	85	43	93	13	89	
60	28	94	80	89	70	66	63	57	11	79	89	61	70	38	13	20	1	91	61	5	49	90	31	11	79	60	81	66	79	72	74	100	75	18	81	87	26	46	1	43	97	49	9	18	41	93	26	11	12	
97	95	65	11	98	50	60	9	43	90	97	87	80	5	32	50	71	68	54	67	24	78	69	65	42	91	42	86	11	57	20	97	63	66	37	24	97	40	44	18	1	50	70	72	44	99	13	11	90	5	
62	24	34	28	82	62	17	24	77	2	1	23	49	25	80	37	20	73	20	50	67	72	11	87	80	67	71	97	72	54	57	53	8	87	56	27	48	52	96	87	25	93	38	28	88	61	89	12	5	87	
