50
1391
81	97	45	58	63	64	74	13	33	79	81	82	32	24	36	44	46	86	84	55	11	98	89	89	42	2	30	19	25	24	27	39	66	43	21	68	57	30	88	54	57	75	16	66	72	77	65	58	68	87	
87	95	71	48	71	77	94	93	67	68	65	83	25	73	97	15	12	62	70	3	39	63	20	80	21	43	92	57	77	17	58	72	39	93	18	87	54	8	70	37	15	30	67	22	59	4	99	57	12	9	
95	59	13	71	47	42	20	37	19	72	48	21	3	21	89	21	37	20	46	76	51	25	88	43	77	16	99	8	52	28	44	100	39	32	83	38	22	68	61	82	49	2	1	38	67	46	64	70	17	16	
71	13	89	70	94	10	54	1	95	39	21	22	91	8	41	20	86	57	41	53	31	41	16	12	91	16	97	14	22	37	10	56	22	78	13	57	34	46	26	64	18	9	84	54	32	84	10	82	9	69	
48	71	70	77	15	6	24	40	87	35	22	56	66	99	87	90	80	45	100	81	29	91	94	47	35	2	65	27	67	39	33	15	97	25	77	4	64	12	84	3	75	53	76	17	17	61	52	100	57	6	
71	47	94	15	59	1	29	31	77	49	16	85	63	8	89	54	98	77	65	87	79	62	7	100	69	34	38	71	13	24	58	22	47	59	87	23	32	39	77	45	79	30	7	72	67	4	23	6	77	5	
77	42	10	6	1	6	94	97	56	73	27	39	79	93	73	65	3	88	93	10	84	69	81	39	90	47	9	19	66	26	34	10	34	95	24	33	74	84	22	82	17	65	61	60	77	90	27	33	39	37	
94	20	54	24	29	94	57	13	74	46	27	39	89	99	81	86	90	50	25	47	69	28	46	70	53	42	65	18	50	98	3	91	56	73	35	65	94	72	95	25	41	14	54	6	23	27	39	17	4	36	
93	37	1	40	31	97	13	100	43	73	41	49	94	36	86	23	35	78	86	28	79	33	45	53	59	48	52	97	19	96	75	27	10	73	30	8	64	77	10	35	84	66	8	52	36	55	6	99	94	8	
67	19	95	87	77	56	74	43	94	62	73	14	69	27	65	92	60	38	99	36	17	2	2	2	27	36	40	61	35	68	85	1	92	61	65	52	31	12	49	99	4	100	4	5	66	83	24	66	24	50	
68	72	39	35	49	73	46	73	62	4	55	42	99	30	25	17	54	15	79	66	41	32	43	4	29	90	36	38	42	75	86	68	88	24	21	12	97	52	56	82	6	11	20	20	44	88	86	21	58	25	
65	48	21	22	16	27	27	41	73	55	48	76	24	91	12	46	100	50	89	48	73	99	78	30	85	41	2	79	69	94	7	26	15	99	39	48	22	66	69	91	88	72	61	73	19	11	47	29	53	57	
83	21	22	56	85	39	39	49	14	42	76	6	39	17	48	4	40	76	68	31	64	13	79	54	26	73	98	54	88	54	20	94	58	86	84	55	26	90	84	22	88	17	78	74	17	4	77	97	31	84	
25	3	91	66	63	79	89	94	69	99	24	39	47	73	61	30	21	94	96	42	99	20	45	41	53	83	70	31	69	35	10	50	21	46	71	52	30	87	72	15	68	57	45	51	96	23	59	72	45	28	
73	21	8	99	8	93	99	36	27	30	91	17	73	54	67	3	24	49	19	4	39	1	50	31	30	91	44	63	84	83	23	69	1	25	73	14	2	60	11	35	73	3	37	32	3	23	52	77	89	80	
97	89	41	87	89	73	81	86	65	25	12	48	61	67	97	58	31	16	48	13	40	56	58	12	63	20	23	86	98	95	5	53	41	58	54	15	80	46	62	45	28	48	72	14	16	6	62	68	71	83	
15	21	20	90	54	65	86	23	92	17	46	4	30	3	58	13	61	71	6	79	66	38	38	15	100	18	97	41	20	30	77	28	6	6	27	37	99	61	15	69	85	38	22	47	67	85	14	48	20	60	
12	37	86	80	98	3	90	35	60	54	100	40	21	24	31	61	33	2	29	39	32	89	51	10	27	59	78	23	75	96	66	16	7	87	50	41	53	89	64	82	53	61	93	57	72	89	52	57	87	96	
62	20	57	45	77	88	50	78	38	15	50	76	94	49	16	71	2	10	66	34	2	23	32	71	59	23	95	47	45	96	20	89	23	56	4	81	1	15	44	6	36	59	13	20	68	95	96	12	20	25	
70	46	41	100	65	93	25	86	99	79	89	68	96	19	48	6	29	66	89	85	92	38	71	18	44	78	2	19	60	54	65	18	2	53	32	65	49	91	43	16	8	42	96	58	46	50	81	53	10	12	
3	76	53	81	87	10	47	28	36	66	48	31	42	4	13	79	39	34	85	86	64	83	84	28	77	59	24	44	7	59	81	63	48	1	81	54	4	78	27	65	80	91	67	88	31	67	7	56	94	27	
39	51	31	29	79	84	69	79	17	41	73	64	99	39	40	66	32	2	92	64	13	67	100	86	54	38	38	7	69	26	82	57	95	99	80	19	68	28	18	60	28	44	38	64	20	80	2	5	18	16	
63	25	41	91	62	69	28	33	2	32	99	13	20	1	56	38	89	23	38	83	67	16	9	23	65	43	67	89	35	81	56	85	83	78	88	83	6	17	25	23	81	99	23	71	36	21	13	13	84	12	
20	88	16	94	7	81	46	45	2	43	78	79	45	50	58	38	51	32	71	84	100	9	70	85	39	25	41	66	21	57	58	73	7	60	6	76	21	26	98	86	82	2	8	52	7	60	61	42	22	27	
80	43	12	47	100	39	70	53	2	4	30	54	41	31	12	15	10	71	18	28	86	23	85	56	76	74	31	41	4	40	92	43	98	13	14	74	70	98	61	80	69	12	31	7	32	16	54	92	52	47	
21	77	91	35	69	90	53	59	27	29	85	26	53	30	63	100	27	59	44	77	54	65	39	76	31	88	90	73	82	48	67	89	5	53	53	83	29	84	75	36	87	40	42	20	55	13	51	92	94	23	
43	16	16	2	34	47	42	48	36	90	41	73	83	91	20	18	59	23	78	59	38	43	25	74	88	76	64	41	1	84	1	78	37	76	2	84	84	53	69	95	17	93	21	79	92	39	11	88	9	90	
92	99	97	65	38	9	65	52	40	36	2	98	70	44	23	97	78	95	2	24	38	67	41	31	90	64	36	30	34	90	20	27	6	28	85	20	71	2	27	23	39	85	33	64	93	75	93	36	81	85	
57	8	14	27	71	19	18	97	61	38	79	54	31	63	86	41	23	47	19	44	7	89	66	41	73	41	30	68	7	35	97	23	11	76	49	9	23	76	50	14	6	16	10	15	37	29	2	36	46	40	
77	52	22	67	13	66	50	19	35	42	69	88	69	84	98	20	75	45	60	7	69	35	21	4	82	1	34	7	62	72	8	11	85	75	32	6	54	98	15	17	81	99	34	61	90	45	27	57	68	72	
17	28	37	39	24	26	98	96	68	75	94	54	35	83	95	30	96	96	54	59	26	81	57	40	48	84	90	35	72	70	41	68	52	47	92	86	68	8	99	19	7	62	5	21	88	52	27	20	69	28	
58	44	10	33	58	34	3	75	85	86	7	20	10	23	5	77	66	20	65	81	82	56	58	92	67	1	20	97	8	41	31	69	3	16	50	40	14	3	44	53	64	32	43	88	64	96	73	2	45	7	
72	100	56	15	22	10	91	27	1	68	26	94	50	69	53	28	16	89	18	63	57	85	73	43	89	78	27	23	11	68	69	40	42	37	86	84	94	70	51	20	95	56	53	81	40	36	15	9	6	73	
39	39	22	97	47	34	56	10	92	88	15	58	21	1	41	6	7	23	2	48	95	83	7	98	5	37	6	11	85	52	3	42	63	77	60	33	57	81	74	56	25	93	10	13	86	30	7	79	1	17	
93	32	78	25	59	95	73	73	61	24	99	86	46	25	58	6	87	56	53	1	99	78	60	13	53	76	28	76	75	47	16	37	77	77	51	71	9	77	91	15	24	27	43	95	67	92	46	11	49	30	
18	83	13	77	87	24	35	30	65	21	39	84	71	73	54	27	50	4	32	81	80	88	6	14	53	2	85	49	32	92	50	86	60	51	51	95	75	87	82	65	62	78	17	68	84	84	46	24	100	43	
87	38	57	4	23	33	65	8	52	12	48	55	52	14	15	37	41	81	65	54	19	83	76	74	83	84	20	9	6	86	40	84	33	71	95	36	22	16	8	50	19	85	52	84	100	42	92	22	73	70	
54	22	34	64	32	74	94	64	31	97	22	26	30	2	80	99	53	1	49	4	68	6	21	70	29	84	71	23	54	68	14	94	57	9	75	22	16	48	28	43	18	5	17	68	44	88	40	91	48	1	
8	68	46	12	39	84	72	77	12	52	66	90	87	60	46	61	89	15	91	78	28	17	26	98	84	53	2	76	98	8	3	70	81	77	87	16	48	57	63	72	65	36	79	87	78	7	17	74	6	65	
70	61	26	84	77	22	95	10	49	56	69	84	72	11	62	15	64	44	43	27	18	25	98	61	75	69	27	50	15	99	44	51	74	91	82	8	28	63	100	21	80	45	98	57	64	9	1	10	23	29	
37	82	64	3	45	82	25	35	99	82	91	22	15	35	45	69	82	6	16	65	60	23	86	80	36	95	23	14	17	19	53	20	56	15	65	50	43	72	21	34	92	68	26	46	40	37	70	53	61	23	
15	49	18	75	79	17	41	84	4	6	88	88	68	73	28	85	53	36	8	80	28	81	82	69	87	17	39	6	81	7	64	95	25	24	62	19	18	65	80	92	49	64	68	37	29	88	13	67	46	89	
30	2	9	53	30	65	14	66	100	11	72	17	57	3	48	38	61	59	42	91	44	99	2	12	40	93	85	16	99	62	32	56	93	27	78	85	5	36	45	68	64	36	76	12	21	58	23	3	17	88	
67	1	84	76	7	61	54	8	4	20	61	78	45	37	72	22	93	13	96	67	38	23	8	31	42	21	33	10	34	5	43	53	10	43	17	52	17	79	98	26	68	76	55	16	6	92	8	37	67	85	
22	38	54	17	72	60	6	52	5	20	73	74	51	32	14	47	57	20	58	88	64	71	52	7	20	79	64	15	61	21	88	81	13	95	68	84	68	87	57	46	37	12	16	91	31	83	19	95	33	64	
59	67	32	17	67	77	23	36	66	44	19	17	96	3	16	67	72	68	46	31	20	36	7	32	55	92	93	37	90	88	64	40	86	67	84	100	44	78	64	40	29	21	6	31	80	68	65	5	53	90	
4	46	84	61	4	90	27	55	83	88	11	4	23	23	6	85	89	95	50	67	80	21	60	16	13	39	75	29	45	52	96	36	30	92	84	42	88	7	9	37	88	58	92	83	68	38	39	7	99	20	
99	64	10	52	23	27	39	6	24	86	47	77	59	52	62	14	52	96	81	7	2	13	61	54	51	11	93	2	27	27	73	15	7	46	46	92	40	17	1	70	13	23	8	19	65	39	80	19	24	39	
57	70	82	100	6	33	17	99	66	21	29	97	72	77	68	48	57	12	53	56	5	13	42	92	92	88	36	36	57	20	2	9	79	11	24	22	91	74	10	53	67	3	37	95	5	7	19	72	4	64	
12	17	9	57	77	39	4	94	24	58	53	31	45	89	71	20	87	20	10	94	18	84	22	52	94	9	81	46	68	69	45	6	1	49	100	73	48	6	23	61	46	17	67	33	53	99	24	4	99	55	
9	16	69	6	5	37	36	8	50	25	57	84	28	80	83	60	96	25	12	27	16	12	27	47	23	90	85	40	72	28	7	73	17	30	43	70	1	65	29	23	89	88	85	64	90	20	39	64	55	38	
