50
1254
76	20	33	27	56	67	5	75	11	54	83	36	25	71	10	52	18	2	21	33	64	9	28	60	12	82	61	76	61	95	94	33	30	47	75	92	55	29	27	18	32	1	76	11	78	100	6	40	7	40	
23	66	87	56	76	66	47	27	91	19	49	32	25	22	76	34	88	89	38	72	77	42	100	73	23	1	72	28	65	23	50	70	17	29	19	43	86	43	91	95	42	65	57	57	18	67	44	83	3	55	
66	99	46	79	45	73	92	57	71	21	32	79	89	82	82	66	48	63	81	26	5	13	79	94	39	4	63	17	1	6	65	14	62	50	99	11	30	27	47	11	76	69	86	31	29	49	44	15	36	67	
87	46	85	1	17	93	20	15	8	80	24	64	17	21	14	50	33	56	8	88	19	52	74	51	24	41	88	15	16	24	58	61	67	37	67	77	33	81	14	22	84	63	79	18	86	29	77	76	77	64	
56	79	1	19	79	94	9	3	6	96	48	99	55	49	78	8	35	1	21	37	16	96	64	32	74	37	42	98	64	50	80	22	23	77	94	69	15	58	92	5	91	95	100	40	25	88	17	73	99	90	
76	45	17	79	12	44	29	37	14	43	11	46	79	7	41	35	40	23	1	35	93	85	29	8	59	60	8	99	62	96	91	24	14	43	87	44	61	24	63	10	100	23	82	67	4	61	99	68	67	83	
66	73	93	94	44	60	30	63	9	96	79	7	17	42	74	87	2	63	24	9	43	20	21	60	39	85	100	41	99	85	63	11	36	96	52	31	94	47	19	34	28	17	27	87	83	87	56	71	73	87	
47	92	20	9	29	30	88	36	17	2	79	21	90	15	61	13	38	93	52	43	53	5	26	86	60	99	42	3	48	38	1	5	56	91	50	66	3	26	66	96	80	35	63	8	90	100	1	78	50	53	
27	57	15	3	37	63	36	49	21	1	30	52	23	52	6	26	18	42	90	89	79	73	81	69	92	13	38	79	28	20	72	23	92	20	27	31	95	77	89	31	84	70	1	12	35	16	18	64	21	36	
91	71	8	6	14	9	17	21	36	47	88	1	77	77	42	44	6	77	40	77	86	25	39	1	14	43	23	66	90	36	36	30	68	14	20	12	18	45	10	16	39	21	25	6	38	16	72	43	57	58	
19	21	80	96	43	96	2	1	47	50	61	13	91	2	38	4	58	34	51	46	23	4	5	59	31	42	63	21	74	90	29	75	92	33	92	77	49	23	62	6	24	65	63	33	82	14	58	33	63	18	
49	32	24	48	11	79	79	30	88	61	67	63	54	1	100	10	10	62	41	40	5	16	59	40	57	52	56	73	5	63	37	94	32	96	46	23	11	64	2	1	82	31	53	53	87	45	72	97	21	76	
32	79	64	99	46	7	21	52	1	13	63	33	81	83	67	37	17	66	85	78	73	4	99	41	85	7	32	27	75	38	12	98	36	70	75	35	22	35	59	99	91	41	33	7	96	25	88	6	97	1	
25	89	17	55	79	17	90	23	77	91	54	81	80	71	31	40	93	99	59	36	32	91	63	99	21	79	9	43	45	35	72	74	59	100	20	79	98	4	6	88	8	86	16	14	13	75	49	79	93	55	
22	82	21	49	7	42	15	52	77	2	1	83	71	10	33	62	6	9	62	14	94	46	8	70	68	22	99	51	93	11	51	1	6	70	28	86	92	29	87	1	12	22	39	95	15	18	48	19	20	35	
76	82	14	78	41	74	61	6	42	38	100	67	31	33	15	26	17	17	28	8	6	57	100	82	89	42	43	63	43	16	53	58	9	35	1	58	34	30	21	74	56	59	4	34	87	72	80	33	83	16	
34	66	50	8	35	87	13	26	44	4	10	37	40	62	26	3	35	11	6	79	23	83	98	2	66	83	90	34	2	26	27	13	39	28	55	86	10	70	94	37	10	72	52	25	86	29	50	53	95	21	
88	48	33	35	40	2	38	18	6	58	10	17	93	6	17	35	30	27	1	50	90	70	33	27	94	96	38	26	32	15	91	29	16	97	68	55	8	84	45	39	34	29	6	98	49	72	37	74	24	68	
89	63	56	1	23	63	93	42	77	34	62	66	99	9	17	11	27	1	14	11	67	64	34	22	74	80	84	52	79	83	2	35	48	80	93	57	90	7	38	96	93	51	53	15	68	12	16	77	23	66	
38	81	8	21	1	24	52	90	40	51	41	85	59	62	28	6	1	14	99	69	6	24	44	69	11	66	55	88	23	72	68	8	50	37	45	49	64	86	31	59	93	68	82	93	58	13	33	82	78	80	
72	26	88	37	35	9	43	89	77	46	40	78	36	14	8	79	50	11	69	31	69	70	1	71	88	53	83	96	28	42	91	73	97	52	11	83	80	40	56	5	5	45	35	97	53	12	6	72	1	46	
77	5	19	16	93	43	53	79	86	23	5	73	32	94	6	23	90	67	6	69	13	44	42	43	66	42	38	11	55	2	80	1	42	56	80	18	86	90	26	34	76	73	58	15	75	37	29	71	29	56	
42	13	52	96	85	20	5	73	25	4	16	4	91	46	57	83	70	64	24	70	44	37	30	1	17	53	29	82	88	30	86	48	3	48	19	77	6	96	10	33	51	86	60	74	84	48	2	8	37	86	
100	79	74	64	29	21	26	81	39	5	59	99	63	8	100	98	33	34	44	1	42	30	57	67	3	29	96	22	32	2	97	3	26	97	69	75	37	27	66	63	75	14	83	49	23	12	43	95	29	80	
73	94	51	32	8	60	86	69	1	59	40	41	99	70	82	2	27	22	69	71	43	1	67	95	35	67	62	88	80	12	64	42	18	38	36	19	9	99	55	89	63	33	81	3	90	98	15	14	90	67	
23	39	24	74	59	39	60	92	14	31	57	85	21	68	89	66	94	74	11	88	66	17	3	35	87	100	79	44	97	34	71	29	78	32	95	14	63	15	49	98	48	71	67	54	78	91	80	92	51	15	
1	4	41	37	60	85	99	13	43	42	52	7	79	22	42	83	96	80	66	53	42	53	29	67	100	44	60	55	54	27	20	42	42	88	94	17	53	8	61	73	89	29	5	6	84	95	84	96	44	60	
72	63	88	42	8	100	42	38	23	63	56	32	9	99	43	90	38	84	55	83	38	29	96	62	79	60	85	11	41	69	65	14	69	92	67	37	26	83	91	3	8	38	91	40	6	20	42	68	77	58	
28	17	15	98	99	41	3	79	66	21	73	27	43	51	63	34	26	52	88	96	11	82	22	88	44	55	11	14	33	77	10	23	89	87	38	7	1	90	64	75	37	1	72	87	98	75	61	89	85	10	
65	1	16	64	62	99	48	28	90	74	5	75	45	93	43	2	32	79	23	28	55	88	32	80	97	54	41	33	76	77	65	67	82	1	25	53	1	68	80	98	33	19	88	58	97	36	54	33	23	67	
23	6	24	50	96	85	38	20	36	90	63	38	35	11	16	26	15	83	72	42	2	30	2	12	34	27	69	77	77	26	14	74	54	7	29	15	86	92	61	66	1	10	96	60	12	64	38	49	52	71	
50	65	58	80	91	63	1	72	36	29	37	12	72	51	53	27	91	2	68	91	80	86	97	64	71	20	65	10	65	14	26	95	17	4	22	53	28	36	60	22	92	78	1	91	20	48	50	26	21	9	
70	14	61	22	24	11	5	23	30	75	94	98	74	1	58	13	29	35	8	73	1	48	3	42	29	42	14	23	67	74	95	64	24	21	57	24	68	56	15	8	70	20	3	61	4	89	80	98	22	40	
17	62	67	23	14	36	56	92	68	92	32	36	59	6	9	39	16	48	50	97	42	3	26	18	78	42	69	89	82	54	17	24	63	8	18	78	84	8	16	11	1	59	5	92	43	77	23	65	19	60	
29	50	37	77	43	96	91	20	14	33	96	70	100	70	35	28	97	80	37	52	56	48	97	38	32	88	92	87	1	7	4	21	8	47	20	96	57	34	97	56	80	28	13	37	39	45	6	76	12	30	
19	99	67	94	87	52	50	27	20	92	46	75	20	28	1	55	68	93	45	11	80	19	69	36	95	94	67	38	25	29	22	57	18	20	84	54	14	76	71	91	41	52	41	100	12	47	64	15	8	4	
43	11	77	69	44	31	66	31	12	77	23	35	79	86	58	86	55	57	49	83	18	77	75	19	14	17	37	7	53	15	53	24	78	96	54	35	5	32	47	27	76	99	40	30	24	14	57	10	27	19	
86	30	33	15	61	94	3	95	18	49	11	22	98	92	34	10	8	90	64	80	86	6	37	9	63	53	26	1	1	86	28	68	84	57	14	5	59	56	12	100	25	10	55	71	22	64	96	63	87	33	
43	27	81	58	24	47	26	77	45	23	64	35	4	29	30	70	84	7	86	40	90	96	27	99	15	8	83	90	68	92	36	56	8	34	76	32	56	97	47	33	53	72	56	62	86	57	78	53	100	25	
91	47	14	92	63	19	66	89	10	62	2	59	6	87	21	94	45	38	31	56	26	10	66	55	49	61	91	64	80	61	60	15	16	97	71	47	12	47	29	38	66	52	60	2	42	9	7	1	95	58	
95	11	22	5	10	34	96	31	16	6	1	99	88	1	74	37	39	96	59	5	34	33	63	89	98	73	3	75	98	66	22	8	11	56	91	27	100	33	38	24	4	14	35	2	39	35	28	73	64	76	
42	76	84	91	100	28	80	84	39	24	82	91	8	12	56	10	34	93	93	5	76	51	75	63	48	89	8	37	33	1	92	70	1	80	41	76	25	53	66	4	55	14	75	44	21	27	61	87	15	60	
65	69	63	95	23	17	35	70	21	65	31	41	86	22	59	72	29	51	68	45	73	86	14	33	71	29	38	1	19	10	78	20	59	28	52	99	10	72	52	14	14	94	84	14	57	20	36	29	9	19	
57	86	79	100	82	27	63	1	25	63	53	33	16	39	4	52	6	53	82	35	58	60	83	81	67	5	91	72	88	96	1	3	5	13	41	40	55	56	60	35	75	84	89	10	18	36	13	39	77	77	
57	31	18	40	67	87	8	12	6	33	53	7	14	95	34	25	98	15	93	97	15	74	49	3	54	6	40	87	58	60	91	61	92	37	100	30	71	62	2	2	44	14	10	33	35	37	27	10	54	27	
18	29	86	25	4	83	90	35	38	82	87	96	13	15	87	86	49	68	58	53	75	84	23	90	78	84	6	98	97	12	20	4	43	39	12	24	22	86	42	39	21	57	18	35	70	95	62	46	33	84	
67	49	29	88	61	87	100	16	16	14	45	25	75	18	72	29	72	12	13	12	37	48	12	98	91	95	20	75	36	64	48	89	77	45	47	14	64	57	9	35	27	20	36	37	95	4	98	83	5	63	
44	44	77	17	99	56	1	18	72	58	72	88	49	48	80	50	37	16	33	6	29	2	43	15	80	84	42	61	54	38	50	80	23	6	64	57	96	78	7	28	61	36	13	27	62	98	6	48	7	33	
83	15	76	73	68	71	78	64	43	33	97	6	79	19	33	53	74	77	82	72	71	8	95	14	92	96	68	89	33	49	26	98	65	76	15	10	63	53	1	73	87	29	39	10	46	83	48	20	45	97	
3	36	77	99	67	73	50	21	57	63	21	97	93	20	83	95	24	23	78	1	29	37	29	90	51	44	77	85	23	52	21	22	19	12	8	27	87	100	95	64	15	9	77	54	33	5	7	45	10	22	
55	67	64	90	83	87	53	36	58	18	76	1	55	35	16	21	68	66	80	46	56	86	80	67	15	60	58	10	67	71	9	40	60	30	4	19	33	25	58	76	60	19	77	27	84	63	33	97	22	71	
