50
1127
53	96	11	26	24	77	70	86	100	62	84	72	1	56	51	17	94	2	21	4	84	76	100	29	93	28	54	64	54	35	38	85	4	11	7	65	37	2	15	96	52	45	87	79	70	27	35	84	20	10	
56	26	84	36	76	54	83	20	16	76	21	11	93	9	86	99	67	87	21	93	95	98	81	63	48	84	39	59	92	53	38	65	69	50	94	26	43	99	82	60	66	28	48	46	9	15	90	92	69	59	
26	28	81	38	68	80	28	100	94	43	99	45	28	33	22	35	68	3	98	17	6	45	84	4	71	14	52	47	38	19	21	24	77	32	42	9	58	27	44	10	27	99	46	53	100	86	31	42	50	41	
84	81	56	7	33	93	56	59	20	11	89	58	38	24	62	7	94	78	27	93	51	89	22	9	91	63	18	63	84	73	21	33	59	12	39	2	27	22	17	99	18	84	79	5	14	84	34	51	18	47	
36	38	7	27	62	11	74	56	39	60	21	1	54	1	69	74	31	100	58	73	79	49	73	29	87	70	27	7	72	89	69	52	33	41	52	40	18	32	18	98	98	29	6	55	48	95	6	52	19	23	
76	68	33	62	30	38	52	61	18	32	14	78	46	45	9	98	83	20	96	84	1	24	57	51	83	83	45	23	74	10	83	31	76	73	79	69	7	18	70	80	6	62	8	28	53	37	94	48	98	71	
54	80	93	11	38	23	34	22	43	94	77	98	39	31	3	53	36	23	61	90	1	76	30	22	42	22	28	84	38	72	89	64	1	15	65	35	31	41	55	100	41	63	17	66	54	39	89	49	96	88	
83	28	56	74	52	34	20	69	32	35	20	100	96	32	64	16	1	56	43	40	48	10	29	99	2	64	91	44	72	72	18	89	75	39	33	40	36	41	89	87	55	91	33	100	14	90	100	28	18	47	
20	100	59	56	61	22	69	63	98	10	26	62	45	78	100	60	49	100	68	9	82	30	6	14	15	50	55	21	38	2	31	90	70	3	44	84	56	15	81	46	52	73	20	71	96	54	100	35	93	53	
16	94	20	39	18	43	32	98	15	38	32	7	84	34	65	16	30	72	9	24	67	27	17	58	14	54	89	25	50	6	9	41	52	84	13	17	43	92	10	57	4	77	53	19	27	86	17	9	82	61	
76	43	11	60	32	94	35	10	38	60	33	43	26	7	54	76	49	30	35	68	58	37	56	62	92	60	54	60	45	2	10	32	23	84	93	61	70	41	37	17	68	91	26	81	88	86	59	19	30	95	
21	99	89	21	14	77	20	26	32	33	22	44	43	46	29	4	74	41	80	86	62	10	41	88	65	48	82	15	68	61	2	9	99	64	44	65	12	34	68	75	95	86	94	26	91	37	40	80	18	18	
11	45	58	1	78	98	100	62	7	43	44	83	22	41	27	98	8	25	61	89	51	41	96	45	19	24	62	68	99	10	85	40	29	51	43	21	48	60	74	92	31	73	9	67	75	14	87	62	99	38	
93	28	38	54	46	39	96	45	84	26	43	22	45	45	52	90	49	65	84	93	60	38	11	61	87	65	27	41	51	3	14	93	90	22	36	8	39	86	11	56	79	22	66	53	85	66	22	85	67	9	
9	33	24	1	45	31	32	78	34	7	46	41	45	63	5	10	65	74	53	57	70	96	11	75	30	51	78	21	84	45	15	38	61	58	75	49	59	16	35	99	7	19	42	62	27	74	96	59	54	100	
86	22	62	69	9	3	64	100	65	54	29	27	52	5	99	96	81	40	88	89	76	13	58	74	91	98	98	98	79	4	2	32	95	1	98	46	25	61	8	100	47	10	84	28	36	2	88	63	33	3	
99	35	7	74	98	53	16	60	16	76	4	98	90	10	96	86	55	9	85	11	49	7	93	78	1	91	89	25	14	94	42	97	27	77	25	80	7	17	8	3	35	64	79	20	57	17	74	99	45	45	
67	68	94	31	83	36	1	49	30	49	74	8	49	65	81	55	90	46	13	18	13	65	2	28	64	49	47	100	8	30	78	69	24	63	64	64	83	91	25	62	15	24	50	90	78	93	60	72	24	21	
87	3	78	100	20	23	56	100	72	30	41	25	65	74	40	9	46	96	74	39	37	82	97	61	66	37	35	72	28	38	23	23	66	85	11	35	6	3	8	36	73	15	54	53	95	86	16	60	86	78	
21	98	27	58	96	61	43	68	9	35	80	61	84	53	88	85	13	74	35	65	86	1	90	40	56	29	55	90	7	78	97	2	34	92	41	40	79	36	45	22	99	77	92	25	53	85	29	51	48	15	
93	17	93	73	84	90	40	9	24	68	86	89	93	57	89	11	18	39	65	38	31	16	62	21	32	85	96	97	29	11	82	91	13	57	33	4	73	83	86	26	25	26	94	47	78	55	17	20	46	63	
95	6	51	79	1	1	48	82	67	58	62	51	60	70	76	49	13	37	86	31	15	9	88	7	44	13	47	46	36	26	33	45	71	26	80	13	52	29	81	51	45	89	24	97	74	83	72	82	99	54	
98	45	89	49	24	76	10	30	27	37	10	41	38	96	13	7	65	82	1	16	9	84	20	23	86	60	38	32	67	47	48	64	7	79	62	10	44	22	11	33	89	11	96	57	83	65	55	28	5	53	
81	84	22	73	57	30	29	6	17	56	41	96	11	11	58	93	2	97	90	62	88	20	48	60	3	29	52	76	79	100	20	34	39	25	15	46	72	3	6	37	86	3	66	44	73	14	67	69	28	97	
63	4	9	29	51	22	99	14	58	62	88	45	61	75	74	78	28	61	40	21	7	23	60	69	78	27	87	46	62	45	17	62	79	47	35	99	70	73	53	100	83	41	81	42	89	74	32	94	55	91	
48	71	91	87	83	42	2	15	14	92	65	19	87	30	91	1	64	66	56	32	44	86	3	78	18	38	87	90	43	83	69	92	57	96	60	76	19	67	84	10	72	5	67	81	38	35	64	85	93	91	
84	14	63	70	83	22	64	50	54	60	48	24	65	51	98	91	49	37	29	85	13	60	29	27	38	36	86	75	5	34	26	87	75	25	70	77	99	84	98	72	99	33	1	74	2	47	12	5	55	94	
39	52	18	27	45	28	91	55	89	54	82	62	27	78	98	89	47	35	55	96	47	38	52	87	87	86	89	93	50	39	93	64	63	45	72	81	24	6	93	59	12	23	51	54	14	53	88	34	68	95	
59	47	63	7	23	84	44	21	25	60	15	68	41	21	98	25	100	72	90	97	46	32	76	46	90	75	93	47	26	30	55	66	38	91	36	39	82	70	42	48	67	64	30	88	64	95	52	79	76	27	
92	38	84	72	74	38	72	38	50	45	68	99	51	84	79	14	8	28	7	29	36	67	79	62	43	5	50	26	29	48	67	46	4	72	93	80	90	98	2	72	45	35	61	73	29	51	49	54	57	97	
53	19	73	89	10	72	72	2	6	2	61	10	3	45	4	94	30	38	78	11	26	47	100	45	83	34	39	30	48	66	1	99	49	80	2	80	10	57	8	11	47	90	6	8	99	96	74	43	8	23	
38	21	21	69	83	89	18	31	9	10	2	85	14	15	2	42	78	23	97	82	33	48	20	17	69	26	93	55	67	1	95	88	38	40	89	84	40	100	49	7	46	80	29	16	47	72	93	40	42	87	
65	24	33	52	31	64	89	90	41	32	9	40	93	38	32	97	69	23	2	91	45	64	34	62	92	87	64	66	46	99	88	5	70	22	28	58	21	81	69	25	93	62	84	71	54	97	64	93	69	49	
69	77	59	33	76	1	75	70	52	23	99	29	90	61	95	27	24	66	34	13	71	7	39	79	57	75	63	38	4	49	38	70	46	19	83	94	57	42	33	81	94	44	4	74	27	75	13	42	36	54	
50	32	12	41	73	15	39	3	84	84	64	51	22	58	1	77	63	85	92	57	26	79	25	47	96	25	45	91	72	80	40	22	19	96	27	11	17	57	69	68	27	65	11	9	23	57	38	57	60	60	
94	42	39	52	79	65	33	44	13	93	44	43	36	75	98	25	64	11	41	33	80	62	15	35	60	70	72	36	93	2	89	28	83	27	63	71	79	37	14	98	99	91	42	84	96	91	81	63	49	91	
26	9	2	40	69	35	40	84	17	61	65	21	8	49	46	80	64	35	40	4	13	10	46	99	76	77	81	39	80	80	84	58	94	11	71	81	20	33	7	26	23	31	41	61	99	5	99	56	85	73	
43	58	27	18	7	31	36	56	43	70	12	48	39	59	25	7	83	6	79	73	52	44	72	70	19	99	24	82	90	10	40	21	57	17	79	20	27	54	11	95	92	11	50	80	82	38	97	82	7	58	
99	27	22	32	18	41	41	15	92	41	34	60	86	16	61	17	91	3	36	83	29	22	3	73	67	84	6	70	98	57	100	81	42	57	37	33	54	100	93	56	99	25	63	19	93	59	3	61	37	71	
82	44	17	18	70	55	89	81	10	37	68	74	11	35	8	8	25	8	45	86	81	11	6	53	84	98	93	42	2	8	49	69	33	69	14	7	11	93	8	42	68	15	13	8	60	72	4	46	54	11	
60	10	99	98	80	100	87	46	57	17	75	92	56	99	100	3	62	36	22	26	51	33	37	100	10	72	59	48	72	11	7	25	81	68	98	26	95	56	42	73	24	25	85	12	69	65	97	83	47	8	
66	27	18	98	6	41	55	52	4	68	95	31	79	7	47	35	15	73	99	25	45	89	86	83	72	99	12	67	45	47	46	93	94	27	99	23	92	99	68	24	72	30	49	22	84	24	76	79	60	25	
28	99	84	29	62	63	91	73	77	91	86	73	22	19	10	64	24	15	77	26	89	11	3	41	5	33	23	64	35	90	80	62	44	65	91	31	11	25	15	25	30	95	42	4	27	7	32	80	43	10	
48	46	79	6	8	17	33	20	53	26	94	9	66	42	84	79	50	54	92	94	24	96	66	81	67	1	51	30	61	6	29	84	4	11	42	41	50	63	13	85	49	42	30	64	66	38	81	75	53	63	
46	53	5	55	28	66	100	71	19	81	26	67	53	62	28	20	90	53	25	47	97	57	44	42	81	74	54	88	73	8	16	71	74	9	84	61	80	19	8	12	22	4	64	64	26	70	34	44	100	51	
9	100	14	48	53	54	14	96	27	88	91	75	85	27	36	57	78	95	53	78	74	83	73	89	38	2	14	64	29	99	47	54	27	23	96	99	82	93	60	69	84	27	66	26	46	99	81	43	51	99	
15	86	84	95	37	39	90	54	86	86	37	14	66	74	2	17	93	86	85	55	83	65	14	74	35	47	53	95	51	96	72	97	75	57	91	5	38	59	72	65	24	7	38	70	99	59	59	99	26	33	
90	31	34	6	94	89	100	100	17	59	40	87	22	96	88	74	60	16	29	17	72	55	67	32	64	12	88	52	49	74	93	64	13	38	81	99	97	3	4	97	76	32	81	34	81	59	69	79	5	64	
92	42	51	52	48	49	28	35	9	19	80	62	85	59	63	99	72	60	51	20	82	28	69	94	85	5	34	79	54	43	40	93	42	57	63	56	82	61	46	83	79	80	75	44	43	99	79	26	22	98	
69	50	18	19	98	96	18	93	82	30	18	99	67	54	33	45	24	86	48	46	99	5	28	55	93	55	68	76	57	8	42	69	36	60	49	85	7	37	54	47	60	43	53	100	51	26	5	22	9	9	
59	41	47	23	71	88	47	53	61	95	18	38	9	100	3	45	21	78	15	63	54	53	97	91	91	94	95	27	97	23	87	49	54	60	91	73	58	71	11	8	25	10	63	51	99	33	64	98	9	95	
