50
1460
61	39	57	3	90	77	9	91	3	92	88	22	15	78	71	2	98	27	71	91	30	36	57	16	71	40	55	72	55	55	34	51	64	42	90	47	25	1	11	22	53	22	93	39	65	92	49	72	97	40	
100	27	77	95	50	32	96	96	75	91	41	82	95	68	70	63	31	86	74	76	12	100	85	61	41	93	98	78	42	28	68	74	80	86	43	42	9	27	10	82	88	10	61	81	74	51	33	13	73	69	
27	62	23	3	74	55	24	18	11	19	46	98	14	59	97	16	61	23	65	74	1	57	74	65	12	59	71	61	96	96	96	84	7	54	49	5	39	40	97	47	21	67	64	28	44	86	29	7	49	38	
77	23	90	86	73	61	22	95	44	30	91	37	3	20	34	28	46	92	61	12	42	41	90	35	95	59	45	39	98	80	42	63	3	91	18	42	50	25	95	37	69	73	39	13	38	74	58	11	15	49	
95	3	86	61	7	76	31	84	25	22	12	9	8	89	88	71	18	75	11	23	52	82	59	56	3	79	29	26	49	41	77	76	78	94	79	56	77	8	88	2	80	16	99	38	40	32	1	22	81	30	
50	74	73	7	87	15	75	19	71	94	84	95	9	4	52	9	17	70	100	27	90	74	40	54	34	8	81	14	2	18	71	6	37	12	35	92	90	5	47	38	66	97	45	9	1	56	90	80	33	20	
32	55	61	76	15	91	25	29	100	52	7	33	66	74	70	66	47	23	9	8	89	26	5	37	61	64	41	70	54	54	45	24	85	84	59	3	94	68	46	8	22	40	68	85	14	9	45	1	98	39	
96	24	22	31	75	25	93	84	73	91	28	8	3	60	79	95	11	75	44	38	30	81	65	61	64	25	7	13	50	14	20	91	69	72	43	79	13	98	95	93	45	42	71	76	18	49	8	4	88	83	
96	18	95	84	19	29	84	26	27	10	20	43	44	6	14	17	71	16	17	24	76	48	5	88	11	86	39	57	86	90	59	88	29	17	9	97	65	84	39	37	87	61	23	86	55	18	24	16	44	15	
75	11	44	25	71	100	73	27	8	63	47	6	71	86	43	56	42	84	32	92	66	54	15	83	23	61	8	68	8	6	30	4	47	51	16	22	34	27	67	82	90	39	23	56	88	76	99	77	12	73	
91	19	30	22	94	52	91	10	63	98	13	46	26	51	7	26	58	66	74	33	79	55	13	71	38	56	76	37	30	33	12	78	94	97	39	6	11	78	43	92	42	85	38	7	25	17	77	61	57	24	
41	46	91	12	84	7	28	20	47	13	7	79	10	86	50	83	11	43	63	26	23	54	6	60	27	39	6	51	97	8	31	85	77	78	14	40	62	5	27	46	62	84	34	75	83	4	33	47	85	94	
82	98	37	9	95	33	8	43	6	46	79	44	75	26	34	83	12	71	28	33	10	13	70	8	71	46	60	59	67	74	46	57	76	36	30	40	71	14	56	76	67	26	45	59	52	64	68	64	82	35	
95	14	3	8	9	66	3	44	71	26	10	75	16	7	83	33	94	88	85	52	92	51	47	76	10	11	82	75	83	63	36	53	44	3	52	52	85	40	53	74	27	89	75	27	78	82	4	73	57	66	
68	59	20	89	4	74	60	6	86	51	86	26	7	61	51	98	24	68	38	85	3	33	19	14	16	99	49	49	67	96	85	14	58	56	18	94	60	24	18	78	74	17	96	77	37	41	66	9	30	94	
70	97	34	88	52	70	79	14	43	7	50	34	83	51	94	85	46	11	12	67	22	2	48	91	80	83	37	96	10	4	100	12	23	26	51	22	40	40	25	70	61	96	78	92	14	65	63	55	43	45	
63	16	28	71	9	66	95	17	56	26	83	83	33	98	85	9	53	44	36	14	9	94	52	55	63	31	55	87	84	60	83	32	71	14	7	31	26	80	48	19	100	44	56	32	99	78	65	46	19	80	
31	61	46	18	17	47	11	71	42	58	11	12	94	24	46	53	5	86	30	54	41	32	68	17	45	30	64	3	83	36	12	77	25	19	62	47	61	26	41	55	57	50	7	65	96	88	93	16	79	4	
86	23	92	75	70	23	75	16	84	66	43	71	88	68	11	44	86	85	27	74	69	38	10	69	91	67	57	21	85	60	52	88	47	77	37	73	15	2	23	44	80	24	29	73	27	48	15	62	74	50	
74	65	61	11	100	9	44	17	32	74	63	28	85	38	12	36	30	27	91	90	58	42	2	96	14	38	22	16	64	75	44	19	58	43	1	88	19	40	62	98	39	89	58	30	97	43	37	65	76	13	
76	74	12	23	27	8	38	24	92	33	26	33	52	85	67	14	54	74	90	52	16	73	44	88	95	21	32	25	3	59	10	41	92	19	47	100	67	41	98	66	39	75	4	8	38	22	35	89	9	14	
12	1	42	52	90	89	30	76	66	79	23	10	92	3	22	9	41	69	58	16	90	3	21	43	88	26	91	34	86	3	52	67	28	99	58	17	27	65	2	42	3	58	55	28	91	67	78	37	100	59	
100	57	41	82	74	26	81	48	54	55	54	13	51	33	2	94	32	38	42	73	3	90	46	69	36	12	2	14	53	13	61	56	89	73	1	96	59	65	65	71	46	98	32	49	78	72	18	37	25	20	
85	74	90	59	40	5	65	5	15	13	6	70	47	19	48	52	68	10	2	44	21	46	52	76	66	60	57	65	72	87	18	46	66	7	2	36	31	85	45	24	58	48	46	34	58	37	4	49	84	68	
61	65	35	56	54	37	61	88	83	71	60	8	76	14	91	55	17	69	96	88	43	69	76	16	13	56	2	70	35	10	16	20	60	59	87	44	70	28	100	100	81	60	35	69	67	89	44	87	48	8	
41	12	95	3	34	61	64	11	23	38	27	71	10	16	80	63	45	91	14	95	88	36	66	13	84	62	44	14	57	79	74	59	60	52	83	29	41	15	99	64	57	48	3	94	77	3	91	8	75	2	
93	59	59	79	8	64	25	86	61	56	39	46	11	99	83	31	30	67	38	21	26	12	60	56	62	91	85	8	29	95	11	93	2	97	100	45	48	28	31	46	91	75	39	48	12	18	2	35	79	9	
98	71	45	29	81	41	7	39	8	76	6	60	82	49	37	55	64	57	22	32	91	2	57	2	44	85	67	52	79	74	68	11	71	79	56	45	33	74	28	6	7	13	100	18	59	20	37	20	91	47	
78	61	39	26	14	70	13	57	68	37	51	59	75	49	96	87	3	21	16	25	34	14	65	70	14	8	52	22	47	12	58	35	78	97	77	50	37	32	13	60	14	95	29	85	81	88	69	68	2	44	
42	96	98	49	2	54	50	86	8	30	97	67	83	67	10	84	83	85	64	3	86	53	72	35	57	29	79	47	13	72	49	32	13	63	86	36	54	50	67	37	88	91	21	49	47	9	21	85	4	5	
28	96	80	41	18	54	14	90	6	33	8	74	63	96	4	60	36	60	75	59	3	13	87	10	79	95	74	12	72	45	78	53	15	66	51	78	87	2	35	24	94	78	30	37	65	62	7	60	30	54	
68	96	42	77	71	45	20	59	30	12	31	46	36	85	100	83	12	52	44	10	52	61	18	16	74	11	68	58	49	78	28	87	95	59	75	77	50	87	82	47	74	1	6	16	82	41	99	31	16	21	
74	84	63	76	6	24	91	88	4	78	85	57	53	14	12	32	77	88	19	41	67	56	46	20	59	93	11	35	32	53	87	18	22	93	91	7	50	57	63	73	1	13	45	64	73	92	12	96	95	88	
80	7	3	78	37	85	69	29	47	94	77	76	44	58	23	71	25	47	58	92	28	89	66	60	60	2	71	78	13	15	95	22	95	50	79	81	46	25	94	43	29	45	63	3	50	54	55	88	100	10	
86	54	91	94	12	84	72	17	51	97	78	36	3	56	26	14	19	77	43	19	99	73	7	59	52	97	79	97	63	66	59	93	50	89	1	16	55	6	73	30	74	59	26	72	13	38	32	24	57	52	
43	49	18	79	35	59	43	9	16	39	14	30	52	18	51	7	62	37	1	47	58	1	2	87	83	100	56	77	86	51	75	91	79	1	25	89	1	69	90	82	61	71	41	62	37	71	8	26	93	50	
42	5	42	56	92	3	79	97	22	6	40	40	52	94	22	31	47	73	88	100	17	96	36	44	29	45	45	50	36	78	77	7	81	16	89	5	22	40	90	33	53	16	38	2	70	5	31	38	65	86	
9	39	50	77	90	94	13	65	34	11	62	71	85	60	40	26	61	15	19	67	27	59	31	70	41	48	33	37	54	87	50	50	46	55	1	22	81	28	55	36	11	50	61	65	10	8	88	89	29	3	
27	40	25	8	5	68	98	84	27	78	5	14	40	24	40	80	26	2	40	41	65	65	85	28	15	28	74	32	50	2	87	57	25	6	69	40	28	54	27	12	73	71	59	65	63	94	50	61	91	9	
10	97	95	88	47	46	95	39	67	43	27	56	53	18	25	48	41	23	62	98	2	65	45	100	99	31	28	13	67	35	82	63	94	73	90	90	55	27	10	92	6	99	31	94	32	9	88	92	26	49	
82	47	37	2	38	8	93	37	82	92	46	76	74	78	70	19	55	44	98	66	42	71	24	100	64	46	6	60	37	24	47	73	43	30	82	33	36	12	92	23	84	38	56	79	72	98	97	58	11	7	
88	21	69	80	66	22	45	87	90	42	62	67	27	74	61	100	57	80	39	39	3	46	58	81	57	91	7	14	88	94	74	1	29	74	61	53	11	73	6	84	59	59	55	27	36	14	53	100	45	87	
10	67	73	16	97	40	42	61	39	85	84	26	89	17	96	44	50	24	89	75	58	98	48	60	48	75	13	95	91	78	1	13	45	59	71	16	50	71	99	38	59	96	55	79	69	8	41	43	22	57	
61	64	39	99	45	68	71	23	23	38	34	45	75	96	78	56	7	29	58	4	55	32	46	35	3	39	100	29	21	30	6	45	63	26	41	38	61	59	31	56	55	55	79	21	91	40	57	40	24	89	
81	28	13	38	9	85	76	86	56	7	75	59	27	77	92	32	65	73	30	8	28	49	34	69	94	48	18	85	49	37	16	64	3	72	62	2	65	65	94	79	27	79	21	32	52	16	7	11	7	71	
74	44	38	40	1	14	18	55	88	25	83	52	78	37	14	99	96	27	97	38	91	78	58	67	77	12	59	81	47	65	82	73	50	13	37	70	10	63	32	72	36	69	91	52	81	71	77	87	28	25	
51	86	74	32	56	9	49	18	76	17	4	64	82	41	65	78	88	48	43	22	67	72	37	89	3	18	20	88	9	62	41	92	54	38	71	5	8	94	9	98	14	8	40	16	71	21	21	51	61	75	
33	29	58	1	90	45	8	24	99	77	33	68	4	66	63	65	93	15	37	35	78	18	4	44	91	2	37	69	21	7	99	12	55	32	8	31	88	50	88	97	53	41	57	7	77	21	73	5	20	42	
13	7	11	22	80	1	4	16	77	61	47	64	73	9	55	46	16	62	65	89	37	37	49	87	8	35	20	68	85	60	31	96	88	24	26	38	89	61	92	58	100	43	40	11	87	51	5	72	60	49	
73	49	15	81	33	98	88	44	12	57	85	82	57	30	43	19	79	74	76	9	100	25	84	48	75	79	91	2	4	30	16	95	100	57	93	65	29	91	26	11	45	22	24	7	28	61	20	60	18	67	
69	38	49	30	20	39	83	15	73	24	94	35	66	94	45	80	4	50	13	14	59	20	68	8	2	9	47	44	5	54	21	88	10	52	50	86	3	9	49	7	87	57	89	71	25	75	42	49	67	38	
