50
1237
13	43	77	14	36	52	22	19	18	18	96	86	72	81	12	48	21	73	54	98	34	22	52	40	69	87	16	78	13	40	22	48	27	99	41	37	33	90	42	100	97	60	37	61	94	50	29	1	92	20	
2	55	24	51	11	30	30	74	22	25	4	59	81	75	8	4	4	52	69	34	100	59	26	3	35	33	38	28	10	62	44	32	1	79	60	65	12	67	26	3	98	55	45	22	12	80	58	80	18	63	
55	2	92	20	98	81	41	12	67	59	66	18	30	31	15	34	68	7	15	76	66	84	93	47	58	9	98	11	33	21	28	91	72	55	41	79	47	30	36	58	15	11	95	85	24	47	1	42	20	5	
24	92	89	64	91	25	73	91	7	10	92	61	25	35	94	79	18	4	33	26	61	51	42	99	17	21	88	75	57	52	21	82	13	76	100	4	49	56	72	34	27	20	21	100	85	93	86	70	71	65	
51	20	64	14	59	89	64	75	55	64	34	60	24	21	13	6	15	53	88	20	79	18	58	17	13	61	82	38	13	1	39	53	8	59	42	66	43	41	13	21	54	72	92	33	85	94	20	75	9	87	
11	98	91	59	12	19	41	61	57	82	84	18	7	58	77	27	52	5	98	82	30	1	89	47	97	98	2	8	60	37	44	40	8	95	69	1	69	100	86	36	16	78	61	94	96	98	9	27	21	23	
30	81	25	89	19	43	87	66	87	89	22	80	41	49	10	42	98	19	63	95	3	83	16	49	56	73	76	25	93	2	39	37	2	95	25	56	29	24	39	44	80	98	80	100	6	36	23	89	8	89	
30	41	73	64	41	87	13	55	15	83	25	51	11	64	92	67	17	55	28	51	27	28	71	85	33	94	81	82	30	90	37	20	54	8	32	94	40	34	7	9	49	76	90	60	52	55	89	68	74	36	
74	12	91	75	61	66	55	49	93	94	46	14	30	47	84	25	56	4	33	39	54	25	90	59	19	85	56	4	92	96	38	11	12	61	68	88	27	43	91	70	82	63	66	64	77	90	90	46	52	65	
22	67	7	55	57	87	15	93	81	89	66	84	43	66	22	2	87	32	78	45	9	54	24	28	79	11	25	8	14	45	3	30	79	78	79	11	58	71	14	85	25	10	76	18	60	76	17	34	59	43	
25	59	10	64	82	89	83	94	89	94	53	65	38	38	71	3	21	57	37	88	83	45	52	61	9	82	70	100	32	94	96	28	80	67	79	85	43	94	99	50	54	4	60	52	16	31	93	32	3	66	
4	66	92	34	84	22	25	46	66	53	22	67	90	61	36	40	98	89	7	73	30	72	87	63	96	42	4	51	70	76	9	17	80	27	95	56	92	81	11	2	43	29	54	85	40	83	85	27	72	38	
59	18	61	60	18	80	51	14	84	65	67	44	50	30	18	65	35	85	83	61	39	77	7	68	48	87	75	7	6	99	28	91	6	99	47	57	65	91	4	6	94	16	87	55	42	94	17	88	27	84	
81	30	25	24	7	41	11	30	43	38	90	50	80	80	47	91	92	44	48	48	51	38	22	87	53	47	62	82	39	23	29	90	75	31	32	66	1	84	80	19	2	58	44	70	39	19	18	58	91	94	
75	31	35	21	58	49	64	47	66	38	61	30	80	43	26	42	71	62	64	27	31	76	76	47	8	34	45	93	28	47	45	97	64	5	54	63	77	93	41	84	33	97	36	17	92	26	64	61	83	71	
8	15	94	13	77	10	92	84	22	71	36	18	47	26	21	72	88	72	15	21	47	38	11	72	50	93	7	70	100	9	94	26	98	28	13	74	90	83	90	50	94	66	89	52	56	37	50	7	47	1	
4	34	79	6	27	42	67	25	2	3	40	65	91	42	72	56	87	96	18	44	73	83	52	33	78	55	58	31	9	22	97	13	91	16	76	21	83	47	92	35	64	33	14	94	51	73	94	3	97	39	
4	68	18	15	52	98	17	56	87	21	98	35	92	71	88	87	52	64	24	97	15	47	61	35	28	69	85	80	84	57	40	88	34	88	78	45	40	84	17	97	19	25	55	58	8	3	99	19	58	92	
52	7	4	53	5	19	55	4	32	57	89	85	44	62	72	96	64	66	24	98	90	98	65	23	18	1	16	40	23	85	59	39	12	66	32	85	43	25	25	2	19	55	14	95	9	54	2	69	36	12	
69	15	33	88	98	63	28	33	78	37	7	83	48	64	15	18	24	24	51	31	26	82	83	27	26	94	36	38	85	44	12	73	83	7	92	21	91	12	9	8	53	38	33	70	87	36	70	36	41	8	
34	76	26	20	82	95	51	39	45	88	73	61	48	27	21	44	97	98	31	98	58	17	82	82	50	62	18	55	47	20	98	40	13	34	100	18	43	66	75	21	100	74	54	54	98	37	83	84	36	86	
100	66	61	79	30	3	27	54	9	83	30	39	51	31	47	73	15	90	26	58	99	50	82	18	76	47	41	11	8	9	28	21	50	90	22	57	25	34	41	93	33	62	14	19	17	93	71	26	93	60	
59	84	51	18	1	83	28	25	54	45	72	77	38	76	38	83	47	98	82	17	50	87	54	87	31	96	35	71	53	62	41	34	88	4	68	50	57	15	44	16	54	16	55	85	60	82	99	37	86	64	
26	93	42	58	89	16	71	90	24	52	87	7	22	76	11	52	61	65	83	82	82	54	5	40	53	3	49	59	51	21	6	63	49	86	11	85	31	91	67	64	31	13	48	61	44	57	29	39	89	41	
3	47	99	17	47	49	85	59	28	61	63	68	87	47	72	33	35	23	27	82	18	87	40	29	49	58	88	50	23	53	87	14	19	82	86	5	13	26	40	89	29	51	3	64	40	22	83	68	57	24	
35	58	17	13	97	56	33	19	79	9	96	48	53	8	50	78	28	18	26	50	76	31	53	49	47	54	98	15	94	54	60	1	67	22	58	13	4	80	83	38	4	38	100	5	70	89	92	19	72	81	
33	9	21	61	98	73	94	85	11	82	42	87	47	34	93	55	69	1	94	62	47	96	3	58	54	47	92	5	2	62	28	71	92	14	44	45	55	8	7	54	73	52	15	13	59	67	2	73	73	5	
38	98	88	82	2	76	81	56	25	70	4	75	62	45	7	58	85	16	36	18	41	35	49	88	98	92	13	67	74	70	83	39	98	50	11	75	86	59	16	81	66	16	28	46	32	99	70	7	72	49	
28	11	75	38	8	25	82	4	8	100	51	7	82	93	70	31	80	40	38	55	11	71	59	50	15	5	67	75	82	33	64	79	44	6	68	36	5	57	38	97	37	91	9	49	54	7	26	16	99	78	
10	33	57	13	60	93	30	92	14	32	70	6	39	28	100	9	84	23	85	47	8	53	51	23	94	2	74	82	18	63	98	35	56	74	7	55	71	94	54	55	44	19	39	63	18	89	86	22	89	86	
62	21	52	1	37	2	90	96	45	94	76	99	23	47	9	22	57	85	44	20	9	62	21	53	54	62	70	33	63	99	75	13	74	19	46	66	54	35	53	74	19	26	35	30	30	42	50	70	11	78	
44	28	21	39	44	39	37	38	3	96	9	28	29	45	94	97	40	59	12	98	28	41	6	87	60	28	83	64	98	75	27	100	60	89	66	10	65	92	53	80	10	70	63	16	49	72	92	96	84	82	
32	91	82	53	40	37	20	11	30	28	17	91	90	97	26	13	88	39	73	40	21	34	63	14	1	71	39	79	35	13	100	80	7	64	45	5	7	89	27	46	65	32	54	84	100	70	84	47	4	30	
1	72	13	8	8	2	54	12	79	80	80	6	75	64	98	91	34	12	83	13	50	88	49	19	67	92	98	44	56	74	60	7	10	83	82	11	33	5	45	55	70	23	60	2	16	91	75	40	19	81	
79	55	76	59	95	95	8	61	78	67	27	99	31	5	28	16	88	66	7	34	90	4	86	82	22	14	50	6	74	19	89	64	83	99	86	78	85	96	24	1	6	29	6	83	98	64	87	19	60	13	
60	41	100	42	69	25	32	68	79	79	95	47	32	54	13	76	78	32	92	100	22	68	11	86	58	44	11	68	7	46	66	45	82	86	89	68	50	77	99	66	55	26	30	75	76	36	53	41	61	16	
65	79	4	66	1	56	94	88	11	85	56	57	66	63	74	21	45	85	21	18	57	50	85	5	13	45	75	36	55	66	10	5	11	78	68	37	91	72	65	95	70	55	44	1	9	7	35	31	55	84	
12	47	49	43	69	29	40	27	58	43	92	65	1	77	90	83	40	43	91	43	25	57	31	13	4	55	86	5	71	54	65	7	33	85	50	91	93	12	6	65	47	24	43	76	49	59	24	12	45	39	
67	30	56	41	100	24	34	43	71	94	81	91	84	93	83	47	84	25	12	66	34	15	91	26	80	8	59	57	94	35	92	89	5	96	77	72	12	36	25	38	77	58	31	58	50	53	21	34	52	12	
26	36	72	13	86	39	7	91	14	99	11	4	80	41	90	92	17	25	9	75	41	44	67	40	83	7	16	38	54	53	53	27	45	24	99	65	6	25	69	69	46	30	45	77	91	25	90	51	95	17	
3	58	34	21	36	44	9	70	85	50	2	6	19	84	50	35	97	2	8	21	93	16	64	89	38	54	81	97	55	74	80	46	55	1	66	95	65	38	69	75	78	7	96	84	66	7	66	24	13	17	
98	15	27	54	16	80	49	82	25	54	43	94	2	33	94	64	19	19	53	100	33	54	31	29	4	73	66	37	44	19	10	65	70	6	55	70	47	77	46	78	9	97	54	55	80	55	71	100	99	51	
55	11	20	72	78	98	76	63	10	4	29	16	58	97	66	33	25	55	38	74	62	16	13	51	38	52	16	91	19	26	70	32	23	29	26	55	24	58	30	7	97	44	16	98	17	61	49	98	85	97	
45	95	21	92	61	80	90	66	76	60	54	87	44	36	89	14	55	14	33	54	14	55	48	3	100	15	28	9	39	35	63	54	60	6	30	44	43	31	45	96	54	16	30	25	43	16	10	68	19	14	
22	85	100	33	94	100	60	64	18	52	85	55	70	17	52	94	58	95	70	54	19	85	61	64	5	13	46	49	63	30	16	84	2	83	75	1	76	58	77	84	55	98	25	75	30	89	32	54	68	77	
12	24	85	85	96	6	52	77	60	16	40	42	39	92	56	51	8	9	87	98	17	60	44	40	70	59	32	54	18	30	49	100	16	98	76	9	49	50	91	66	80	17	43	30	97	38	76	34	70	28	
80	47	93	94	98	36	55	90	76	31	83	94	19	26	37	73	3	54	36	37	93	82	57	22	89	67	99	7	89	42	72	70	91	64	36	7	59	53	25	7	55	61	16	89	38	83	51	98	35	62	
58	1	86	20	9	23	89	90	17	93	85	17	18	64	50	94	99	2	70	83	71	99	29	83	92	2	70	26	86	50	92	84	75	87	53	35	24	21	90	66	71	49	10	32	76	51	48	67	57	8	
80	42	70	75	27	89	68	46	34	32	27	88	58	61	7	3	19	69	36	84	26	37	39	68	19	73	7	16	22	70	96	47	40	19	41	31	12	34	51	24	100	98	68	54	34	98	67	16	27	44	
18	20	71	9	21	8	74	52	59	3	72	27	91	83	47	97	58	36	41	36	93	86	89	57	72	73	72	99	89	11	84	4	19	60	61	55	45	52	95	13	99	85	19	68	70	35	57	27	20	94	
63	5	65	87	23	89	36	65	43	66	38	84	94	71	1	39	92	12	8	86	60	64	41	24	81	5	49	78	86	78	82	30	81	13	16	84	39	12	17	17	51	97	14	77	28	62	8	44	94	52	
