50
1091
51	16	41	95	8	88	83	3	83	2	21	100	5	26	25	75	2	4	72	13	73	2	11	62	36	34	29	25	32	44	51	98	2	44	12	43	18	94	31	74	98	51	20	64	64	95	38	92	66	73	
40	8	5	20	97	13	75	70	6	57	23	80	7	61	80	28	4	86	39	5	26	57	90	33	7	43	38	28	78	20	27	38	21	88	8	54	38	78	15	28	62	64	68	75	27	20	53	25	5	64	
8	48	58	21	46	51	28	76	86	54	70	89	5	97	46	61	29	68	21	57	68	46	60	91	15	71	29	34	90	27	70	30	69	7	22	36	20	76	33	20	3	38	43	10	23	88	52	55	42	80	
5	58	81	29	47	28	24	7	87	13	29	96	3	83	83	74	58	49	4	69	62	89	77	28	75	39	93	92	29	49	3	62	50	53	77	25	18	76	75	15	23	80	33	52	23	55	97	71	46	37	
20	21	29	90	40	67	44	71	88	69	47	26	27	75	29	52	45	77	4	78	97	85	1	21	52	26	35	76	16	77	53	52	15	12	80	75	94	49	69	26	64	24	54	28	7	33	16	7	60	89	
97	46	47	40	70	52	61	88	26	56	14	79	94	74	72	23	44	89	39	48	53	74	56	55	72	25	7	97	43	95	20	5	3	48	41	25	36	84	82	19	64	44	78	31	52	54	19	12	16	1	
13	51	28	67	52	100	63	41	13	86	99	20	54	92	35	47	88	93	39	51	77	46	43	37	70	69	35	72	70	26	50	36	88	7	83	96	54	14	33	38	51	48	9	70	67	1	75	63	79	16	
75	28	24	44	61	63	80	45	15	80	86	19	75	43	6	95	61	65	41	84	78	25	10	67	87	29	30	14	89	58	48	97	59	74	46	82	69	83	10	62	31	70	27	94	48	44	54	99	11	64	
70	76	7	71	88	41	45	73	61	41	98	48	43	84	6	46	8	10	92	74	79	98	72	68	54	63	28	77	55	53	31	44	25	74	75	85	34	16	13	97	68	34	6	71	47	85	41	55	18	17	
6	86	87	88	26	13	15	61	11	25	88	93	26	88	94	70	78	3	37	50	43	39	64	6	28	48	82	16	14	24	80	23	34	22	38	9	92	12	13	13	61	10	8	87	7	12	71	45	22	91	
57	54	13	69	56	86	80	41	25	11	88	76	9	1	2	33	47	38	60	42	59	1	78	73	98	7	53	100	14	8	89	67	85	81	29	90	10	82	83	29	40	66	82	79	51	53	94	86	4	45	
23	70	29	47	14	99	86	98	88	88	42	93	3	98	16	26	82	59	12	8	67	31	90	89	13	51	4	51	82	26	8	61	68	62	20	32	56	11	86	96	62	97	17	47	73	34	27	32	7	82	
80	89	96	26	79	20	19	48	93	76	93	91	89	41	54	53	56	27	27	14	39	22	30	14	6	40	43	2	29	38	52	30	83	80	73	72	91	34	4	90	32	34	7	62	83	100	21	12	39	30	
7	5	3	27	94	54	75	43	26	9	3	89	39	11	1	36	62	5	43	86	64	38	59	21	60	17	54	60	11	8	80	91	84	16	9	36	21	39	31	22	69	12	24	46	50	84	69	92	87	15	
61	97	83	75	74	92	43	84	88	1	98	41	11	98	42	79	2	88	3	13	36	91	1	47	36	37	40	55	29	17	89	25	58	3	44	22	75	55	20	25	35	27	92	96	54	27	19	78	35	35	
80	46	83	29	72	35	6	6	94	2	16	54	1	42	47	71	58	74	13	40	38	19	36	8	22	21	99	51	56	48	74	29	81	1	95	20	31	2	92	32	95	79	57	85	31	21	57	56	48	30	
28	61	74	52	23	47	95	46	70	33	26	53	36	79	71	67	3	50	87	80	8	5	92	19	59	43	37	32	40	80	64	60	96	31	36	3	37	64	4	5	89	51	47	52	41	86	41	14	88	66	
4	29	58	45	44	88	61	8	78	47	82	56	62	2	58	3	43	65	83	35	100	62	82	12	19	53	7	100	54	70	72	70	48	74	10	93	3	97	26	11	6	11	53	57	66	51	67	1	27	53	
86	68	49	77	89	93	65	10	3	38	59	27	5	88	74	50	65	80	23	46	63	62	20	72	83	55	10	80	50	31	74	66	97	19	54	65	95	64	20	22	67	46	18	99	31	11	21	24	17	71	
39	21	4	4	39	39	41	92	37	60	12	27	43	3	13	87	83	23	83	25	49	97	22	94	56	45	38	59	65	1	62	44	57	19	9	45	1	35	59	65	98	41	20	60	70	71	25	48	100	32	
5	57	69	78	48	51	84	74	50	42	8	14	86	13	40	80	35	46	25	97	23	99	12	57	10	58	87	40	85	17	41	11	30	20	62	82	23	12	10	71	20	9	29	27	12	61	6	56	45	75	
26	68	62	97	53	77	78	79	43	59	67	39	64	36	38	8	100	63	49	23	85	91	15	17	98	69	58	99	50	18	86	93	63	9	68	35	19	17	77	77	23	84	56	31	83	18	68	63	33	31	
57	46	89	85	74	46	25	98	39	1	31	22	38	91	19	5	62	62	97	99	91	45	51	54	32	30	66	86	69	86	53	26	93	72	8	42	83	66	57	27	79	42	97	6	94	57	92	42	28	2	
90	60	77	1	56	43	10	72	64	78	90	30	59	1	36	92	82	20	22	12	15	51	82	2	41	86	26	26	62	87	77	90	85	63	34	81	71	51	21	93	86	10	48	74	60	78	9	13	11	98	
33	91	28	21	55	37	67	68	6	73	89	14	21	47	8	19	12	72	94	57	17	54	2	51	83	98	80	79	49	57	29	2	15	47	24	57	20	50	34	46	49	78	30	74	10	85	35	29	94	23	
7	15	75	52	72	70	87	54	28	98	13	6	60	36	22	59	19	83	56	10	98	32	41	83	23	44	76	5	38	58	26	47	20	24	22	16	51	62	67	25	79	65	64	78	64	21	24	35	86	45	
43	71	39	26	25	69	29	63	48	7	51	40	17	37	21	43	53	55	45	58	69	30	86	98	44	12	1	54	45	81	1	10	61	76	48	18	34	34	27	62	52	54	57	92	11	47	35	27	24	53	
38	29	93	35	7	35	30	28	82	53	4	43	54	40	99	37	7	10	38	87	58	66	26	80	76	1	77	64	78	14	90	77	96	76	52	17	79	17	67	23	57	97	44	2	85	58	51	48	91	81	
28	34	92	76	97	72	14	77	16	100	51	2	60	55	51	32	100	80	59	40	99	86	26	79	5	54	64	83	61	63	55	77	36	60	62	95	70	85	49	65	81	15	56	19	73	89	36	48	46	53	
78	90	29	16	43	70	89	55	14	14	82	29	11	29	56	40	54	50	65	85	50	69	62	49	38	45	78	61	69	15	9	27	32	80	40	51	99	62	32	97	46	43	31	51	37	28	37	43	12	28	
20	27	49	77	95	26	58	53	24	8	26	38	8	17	48	80	70	31	1	17	18	86	87	57	58	81	14	63	15	44	42	74	93	57	39	38	2	75	23	78	9	72	76	58	30	27	52	82	32	54	
27	70	3	53	20	50	48	31	80	89	8	52	80	89	74	64	72	74	62	41	86	53	77	29	26	1	90	55	9	42	6	97	49	46	81	5	71	19	39	32	99	56	61	9	95	46	7	13	36	66	
38	30	62	52	5	36	97	44	23	67	61	30	91	25	29	60	70	66	44	11	93	26	90	2	47	10	77	77	27	74	97	64	26	85	78	29	65	29	19	79	36	82	93	52	42	17	50	54	89	20	
21	69	50	15	3	88	59	25	34	85	68	83	84	58	81	96	48	97	57	30	63	93	85	15	20	61	96	36	32	93	49	26	89	32	62	38	41	54	66	87	66	20	14	57	60	38	30	49	23	40	
88	7	53	12	48	7	74	74	22	81	62	80	16	3	1	31	74	19	19	20	9	72	63	47	24	76	76	60	80	57	46	85	32	6	7	41	36	73	70	40	54	75	23	9	61	91	15	98	11	56	
8	22	77	80	41	83	46	75	38	29	20	73	9	44	95	36	10	54	9	62	68	8	34	24	22	48	52	62	40	39	81	78	62	7	7	95	76	83	23	27	59	17	48	68	10	79	65	34	100	25	
54	36	25	75	25	96	82	85	9	90	32	72	36	22	20	3	93	65	45	82	35	42	81	57	16	18	17	95	51	38	5	29	38	41	95	73	67	56	9	56	21	45	99	91	87	89	15	64	15	1	
38	20	18	94	36	54	69	34	92	10	56	91	21	75	31	37	3	95	1	23	19	83	71	20	51	34	79	70	99	2	71	65	41	36	76	67	84	100	52	36	5	9	9	99	3	33	64	49	1	40	
78	76	76	49	84	14	83	16	12	82	11	34	39	55	2	64	97	64	35	12	17	66	51	50	62	34	17	85	62	75	19	29	54	73	83	56	100	97	4	60	34	59	99	68	35	92	100	72	81	26	
15	33	75	69	82	33	10	13	13	83	86	4	31	20	92	4	26	20	59	10	77	57	21	34	67	27	67	49	32	23	39	19	66	70	23	9	52	4	11	53	83	75	78	59	12	37	68	28	9	64	
28	20	15	26	19	38	62	97	13	29	96	90	22	25	32	5	11	22	65	71	77	27	93	46	25	62	23	65	97	78	32	79	87	40	27	56	36	60	53	3	19	54	20	37	90	37	42	58	63	36	
62	3	23	64	64	51	31	68	61	40	62	32	69	35	95	89	6	67	98	20	23	79	86	49	79	52	57	81	46	9	99	36	66	54	59	21	5	34	83	19	70	68	59	71	47	60	64	44	68	92	
64	38	80	24	44	48	70	34	10	66	97	34	12	27	79	51	11	46	41	9	84	42	10	78	65	54	97	15	43	72	56	82	20	75	17	45	9	59	75	54	68	98	72	98	48	18	53	77	79	98	
68	43	33	54	78	9	27	6	8	82	17	7	24	92	57	47	53	18	20	29	56	97	48	30	64	57	44	56	31	76	61	93	14	23	48	99	9	99	78	20	59	72	90	72	79	38	44	9	43	54	
75	10	52	28	31	70	94	71	87	79	47	62	46	96	85	52	57	99	60	27	31	6	74	74	78	92	2	19	51	58	9	52	57	9	68	91	99	68	59	37	71	98	72	46	88	16	29	18	31	6	
27	23	23	7	52	67	48	47	7	51	73	83	50	54	31	41	66	31	70	12	83	94	60	10	64	11	85	73	37	30	95	42	60	61	10	87	3	35	12	90	47	48	79	88	87	99	29	54	9	14	
20	88	55	33	54	1	44	85	12	53	34	100	84	27	21	86	51	11	71	61	18	57	78	85	21	47	58	89	28	27	46	17	38	91	79	89	33	92	37	37	60	18	38	16	99	93	12	61	98	2	
53	52	97	16	19	75	54	41	71	94	27	21	69	19	57	41	67	21	25	6	68	92	9	35	24	35	51	36	37	52	7	50	30	15	65	15	64	100	68	42	64	53	44	29	29	12	100	25	16	43	
25	55	71	7	12	63	99	55	45	86	32	12	92	78	56	14	1	24	48	56	63	42	13	29	35	27	48	48	43	82	13	54	49	98	34	64	49	72	28	58	44	77	9	18	54	61	25	84	32	91	
5	42	46	60	16	79	11	18	22	4	7	39	87	35	48	88	27	17	100	45	33	28	11	94	86	24	91	46	12	32	36	89	23	11	100	15	1	81	9	63	68	79	43	31	9	98	16	32	42	28	
64	80	37	89	1	16	64	17	91	45	82	30	15	35	30	66	53	71	32	75	31	2	98	23	45	53	81	53	28	54	66	20	40	56	25	1	40	26	64	36	92	98	54	6	14	2	43	91	28	96	
