50
1169
98	12	10	6	58	47	17	56	65	9	83	98	85	7	85	6	63	69	41	68	15	3	69	64	90	75	8	61	7	79	1	79	12	62	77	73	94	83	53	6	48	25	61	98	13	41	8	78	75	34	
1	51	93	76	67	71	58	66	94	51	88	7	79	12	11	66	15	59	77	94	64	85	45	80	7	74	17	92	15	88	98	66	47	61	87	8	79	33	19	21	5	82	34	60	7	35	40	78	20	50	
51	45	91	17	29	52	8	39	6	38	97	12	8	53	5	64	14	77	72	24	30	39	66	72	39	78	82	3	20	93	66	3	28	82	64	89	24	6	28	97	91	97	63	7	21	100	46	13	77	23	
93	91	14	87	33	99	18	19	58	84	2	21	30	58	73	26	50	75	67	92	52	93	57	74	87	19	52	100	78	96	41	26	32	39	81	47	59	30	73	98	80	28	64	33	15	97	58	72	11	18	
76	17	87	48	27	22	80	11	62	51	88	37	51	44	12	86	62	74	15	63	52	24	93	88	68	25	76	49	25	33	30	64	8	89	68	82	50	49	96	38	65	53	91	74	73	9	7	69	86	32	
67	29	33	27	2	13	49	71	34	9	56	76	60	7	61	2	60	67	72	16	21	68	60	54	96	37	70	92	94	38	73	33	89	27	56	73	96	6	24	94	61	46	23	82	28	73	54	9	61	69	
71	52	99	22	13	39	61	54	69	60	15	55	42	1	98	44	21	47	38	96	85	76	96	95	77	100	62	7	100	1	67	52	89	18	66	87	71	54	44	24	82	48	45	48	50	9	19	63	3	42	
58	8	18	80	49	61	89	51	89	72	45	76	62	5	1	57	78	75	41	66	42	74	20	18	56	92	99	94	54	8	74	57	42	71	8	32	14	95	73	9	5	13	81	60	100	51	89	51	74	3	
66	39	19	11	71	54	51	35	63	54	57	33	20	1	42	32	86	49	87	32	61	29	70	4	2	27	100	19	97	71	27	14	22	15	94	37	15	93	79	8	23	27	100	39	80	60	49	26	62	83	
94	6	58	62	34	69	89	63	47	84	48	33	11	19	12	34	91	22	95	3	62	50	37	93	39	51	16	6	72	11	10	76	48	22	64	84	12	68	5	15	19	70	5	65	76	12	81	51	45	76	
51	38	84	51	9	60	72	54	84	76	96	95	52	31	37	8	10	20	33	86	16	7	98	23	76	60	71	49	84	97	53	62	61	47	86	51	90	86	28	91	86	7	85	16	46	32	32	8	82	64	
88	97	2	88	56	15	45	57	48	96	88	97	85	9	65	47	99	49	22	79	73	22	78	53	90	36	19	50	55	65	80	5	66	97	45	75	64	93	98	79	28	50	26	76	15	39	90	87	70	42	
7	12	21	37	76	55	76	33	33	95	97	75	100	71	8	72	34	15	46	34	85	91	46	2	81	49	47	10	45	89	20	49	97	17	10	46	35	15	80	9	76	78	38	52	66	51	92	95	21	54	
79	8	30	51	60	42	62	20	11	52	85	100	12	96	30	10	14	74	49	32	9	53	29	11	32	100	1	21	55	22	43	89	33	59	73	72	64	4	73	50	36	7	74	79	85	9	37	40	61	36	
12	53	58	44	7	1	5	1	19	31	9	71	96	17	30	51	48	77	34	8	12	63	87	4	12	56	27	31	93	34	36	42	41	2	41	94	44	8	32	35	82	48	47	53	25	98	57	74	42	88	
11	5	73	12	61	98	1	42	12	37	65	8	30	30	68	32	76	47	26	33	37	17	57	95	13	34	2	99	7	69	49	72	40	65	92	14	99	97	98	97	43	71	39	55	42	41	12	14	55	87	
66	64	26	86	2	44	57	32	34	8	47	72	10	51	32	34	50	76	56	28	44	28	5	1	47	71	86	76	3	51	10	20	47	45	28	43	11	15	41	56	85	26	21	55	51	92	96	79	95	75	
15	14	50	62	60	21	78	86	91	10	99	34	14	48	76	50	49	75	1	73	5	74	61	44	1	52	74	39	87	4	96	52	10	1	58	34	73	77	52	75	23	91	83	77	25	47	18	62	24	45	
59	77	75	74	67	47	75	49	22	20	49	15	74	77	47	76	75	4	38	45	47	3	9	21	24	21	15	56	97	70	31	21	83	99	20	60	61	77	87	82	3	79	21	56	57	97	31	46	55	19	
77	72	67	15	72	38	41	87	95	33	22	46	49	34	26	56	1	38	47	84	42	88	95	80	77	17	8	18	12	42	36	34	5	12	24	22	94	96	29	70	85	37	17	79	64	54	89	8	23	42	
94	24	92	63	16	96	66	32	3	86	79	34	32	8	33	28	73	45	84	95	44	42	91	77	20	91	24	3	50	89	21	63	31	93	19	82	99	74	69	67	9	98	44	59	13	51	94	38	98	42	
64	30	52	52	21	85	42	61	62	16	73	85	9	12	37	44	5	47	42	44	48	10	46	66	16	66	60	73	100	10	71	3	23	46	11	26	19	16	22	3	100	36	71	74	35	37	27	2	49	75	
85	39	93	24	68	76	74	29	50	7	22	91	53	63	17	28	74	3	88	42	10	98	82	50	54	34	35	75	13	79	36	90	94	18	64	62	21	34	26	48	29	33	90	39	96	11	49	37	83	83	
45	66	57	93	60	96	20	70	37	98	78	46	29	87	57	5	61	9	95	91	46	82	32	73	65	50	17	95	19	23	32	39	99	61	53	92	84	23	97	44	84	9	66	44	66	25	6	86	24	67	
80	72	74	88	54	95	18	4	93	23	53	2	11	4	95	1	44	21	80	77	66	50	73	15	82	74	60	66	22	65	13	36	24	86	83	2	65	27	52	85	14	91	78	94	23	73	60	25	16	49	
7	39	87	68	96	77	56	2	39	76	90	81	32	12	13	47	1	24	77	20	16	54	65	82	59	18	99	81	59	90	45	85	74	26	41	31	8	47	16	81	19	37	95	17	80	60	29	8	91	51	
74	78	19	25	37	100	92	27	51	60	36	49	100	56	34	71	52	21	17	91	66	34	50	74	18	84	97	7	82	47	99	29	14	32	27	32	31	21	2	61	54	7	98	86	78	31	23	54	13	7	
17	82	52	76	70	62	99	100	16	71	19	47	1	27	2	86	74	15	8	24	60	35	17	60	99	97	32	51	21	9	70	79	47	75	17	57	32	34	62	53	16	87	65	49	27	26	72	51	35	42	
92	3	100	49	92	7	94	19	6	49	50	10	21	31	99	76	39	56	18	3	73	75	95	66	81	7	51	83	81	7	76	8	58	84	37	75	38	79	12	1	74	33	13	56	4	75	91	64	5	17	
15	20	78	25	94	100	54	97	72	84	55	45	55	93	7	3	87	97	12	50	100	13	19	22	59	82	21	81	57	13	8	75	68	52	61	39	60	64	45	12	25	25	32	44	90	39	5	80	63	78	
88	93	96	33	38	1	8	71	11	97	65	89	22	34	69	51	4	70	42	89	10	79	23	65	90	47	9	7	13	61	46	11	23	24	58	29	93	74	93	95	28	10	61	8	21	67	51	27	16	83	
98	66	41	30	73	67	74	27	10	53	80	20	43	36	49	10	96	31	36	21	71	36	32	13	45	99	70	76	8	46	62	34	7	71	21	20	19	35	28	26	14	95	95	7	65	29	77	82	50	96	
66	3	26	64	33	52	57	14	76	62	5	49	89	42	72	20	52	21	34	63	3	90	39	36	85	29	79	8	75	11	34	84	52	12	33	50	17	20	35	56	90	72	43	82	79	83	55	59	36	30	
47	28	32	8	89	89	42	22	48	61	66	97	33	41	40	47	10	83	5	31	23	94	99	24	74	14	47	58	68	23	7	52	19	57	38	94	75	28	18	97	13	49	34	58	19	44	65	23	28	73	
61	82	39	89	27	18	71	15	22	47	97	17	59	2	65	45	1	99	12	93	46	18	61	86	26	32	75	84	52	24	71	12	57	24	15	57	3	43	1	69	9	69	85	15	88	13	36	90	96	73	
87	64	81	68	56	66	8	94	64	86	45	10	73	41	92	28	58	20	24	19	11	64	53	83	41	27	17	37	61	58	21	33	38	15	52	23	41	100	3	81	28	38	87	6	60	94	28	36	61	48	
8	89	47	82	73	87	32	37	84	51	75	46	72	94	14	43	34	60	22	82	26	62	92	2	31	32	57	75	39	29	20	50	94	57	23	55	29	78	68	86	96	36	82	12	34	32	25	82	63	29	
79	24	59	50	96	71	14	15	12	90	64	35	64	44	99	11	73	61	94	99	19	21	84	65	8	31	32	38	60	93	19	17	75	3	41	29	44	51	53	47	73	21	43	15	7	100	38	45	84	37	
33	6	30	49	6	54	95	93	68	86	93	15	4	8	97	15	77	77	96	74	16	34	23	27	47	21	34	79	64	74	35	20	28	43	100	78	51	92	74	92	49	82	5	10	60	40	43	60	74	79	
19	28	73	96	24	44	73	79	5	28	98	80	73	32	98	41	52	87	29	69	22	26	97	52	16	2	62	12	45	93	28	35	18	1	3	68	53	74	57	97	36	60	63	3	95	72	26	86	19	53	
21	97	98	38	94	24	9	8	15	91	79	9	50	35	97	56	75	82	70	67	3	48	44	85	81	61	53	1	12	95	26	56	97	69	81	86	47	92	97	30	81	84	58	45	19	7	73	97	100	82	
5	91	80	65	61	82	5	23	19	86	28	76	36	82	43	85	23	3	85	9	100	29	84	14	19	54	16	74	25	28	14	90	13	9	28	96	73	49	36	81	60	9	55	61	50	97	12	42	88	76	
82	97	28	53	46	48	13	27	70	7	50	78	7	48	71	26	91	79	37	98	36	33	9	91	37	7	87	33	25	10	95	72	49	69	38	36	21	82	60	84	9	53	15	96	70	66	21	24	80	63	
34	63	64	91	23	45	81	100	5	85	26	38	74	47	39	21	83	21	17	44	71	90	66	78	95	98	65	13	32	61	95	43	34	85	87	82	43	5	63	58	55	15	91	63	36	65	82	82	8	3	
60	7	33	74	82	48	60	39	65	16	76	52	79	53	55	55	77	56	79	59	74	39	44	94	17	86	49	56	44	8	7	82	58	15	6	12	15	10	3	45	61	96	63	21	3	71	39	99	81	40	
7	21	15	73	28	50	100	80	76	46	15	66	85	25	42	51	25	57	64	13	35	96	66	23	80	78	27	4	90	21	65	79	19	88	60	34	7	60	95	19	50	70	36	3	9	99	25	2	15	37	
35	100	97	9	73	9	51	60	12	32	39	51	9	98	41	92	47	97	54	51	37	11	25	73	60	31	26	75	39	67	29	83	44	13	94	32	100	40	72	7	97	66	65	71	99	20	98	33	52	19	
40	46	58	7	54	19	89	49	81	32	90	92	37	57	12	96	18	31	89	94	27	49	6	60	29	23	72	91	5	51	77	55	65	36	28	25	38	43	26	73	12	21	82	39	25	98	58	59	54	39	
78	13	72	69	9	63	51	26	51	8	87	95	40	74	14	79	62	46	8	38	2	37	86	25	8	54	51	64	80	27	82	59	23	90	36	82	45	60	86	97	42	24	82	99	2	33	59	61	14	2	
20	77	11	86	61	3	74	62	45	82	70	21	61	42	55	95	24	55	23	98	49	83	24	16	91	13	35	5	63	16	50	36	28	96	61	63	84	74	19	100	88	80	8	81	15	52	54	14	28	70	
50	23	18	32	69	42	3	83	76	64	42	54	36	88	87	75	45	19	42	42	75	83	67	49	51	7	42	17	78	83	96	30	73	73	48	29	37	79	53	82	76	63	3	40	37	19	39	2	70	12	
