50
1349
21	12	1	22	29	59	20	82	13	81	30	20	99	19	51	17	87	85	50	42	65	54	100	30	34	64	27	2	35	23	18	36	98	72	88	15	13	51	21	86	32	57	2	71	73	22	82	39	68	59	
19	89	58	71	87	88	39	5	87	62	93	69	89	55	16	12	53	79	37	51	9	46	63	55	31	4	2	45	34	39	91	67	88	6	3	70	61	24	36	45	21	68	96	3	62	80	21	78	63	93	
89	65	92	62	98	39	38	52	64	51	39	3	2	2	71	56	72	9	62	72	51	14	70	3	64	79	50	96	13	64	16	69	70	56	38	41	37	26	87	83	75	73	79	29	5	27	71	58	60	83	
58	92	58	67	96	58	9	8	68	63	71	33	94	25	17	57	55	31	94	99	84	11	97	99	28	6	61	40	74	39	8	23	53	8	45	25	57	52	63	39	15	98	1	75	25	26	43	51	42	55	
71	62	67	85	4	42	35	25	50	49	13	3	54	37	60	15	94	26	72	69	72	73	72	46	15	11	54	56	47	61	17	39	29	31	98	21	56	29	70	27	74	57	61	95	35	75	86	41	38	98	
87	98	96	4	76	23	53	87	88	34	18	75	3	63	63	83	76	57	78	37	19	36	64	76	99	74	59	13	18	43	36	21	50	92	97	85	91	8	27	1	66	13	99	28	28	80	23	64	30	69	
88	39	58	42	23	37	85	58	17	40	65	91	44	13	55	44	100	88	81	52	28	61	78	96	90	33	97	8	97	5	86	43	83	90	48	62	76	44	62	19	67	33	84	83	64	3	29	45	55	63	
39	38	9	35	53	85	43	14	41	33	94	46	11	22	63	68	36	45	19	52	43	44	74	19	47	30	16	10	34	17	51	91	46	53	76	93	60	84	54	10	52	84	90	51	53	36	30	19	98	85	
5	52	8	25	87	58	14	56	87	57	27	24	21	98	29	81	36	67	81	83	20	3	84	33	41	6	13	47	61	67	57	78	48	80	12	59	74	67	5	94	62	52	20	93	88	64	16	41	87	61	
87	64	68	50	88	17	41	87	10	57	99	52	46	26	47	95	47	81	29	24	26	58	5	47	80	28	80	81	28	46	7	80	29	38	98	69	95	81	53	45	42	85	26	17	30	60	31	64	28	79	
62	51	63	49	34	40	33	57	57	10	69	78	19	93	21	92	50	34	1	73	79	78	47	14	42	70	72	80	61	24	7	67	32	23	78	63	74	67	75	25	1	20	3	31	40	28	100	50	98	45	
93	39	71	13	18	65	94	27	99	69	54	30	75	40	77	2	71	21	14	27	43	45	43	22	87	27	13	1	86	66	11	36	22	31	50	3	2	62	7	51	87	76	52	51	54	27	94	10	67	33	
69	3	33	3	75	91	46	24	52	78	30	23	93	67	69	98	2	63	88	2	7	22	62	15	6	88	1	59	24	9	24	92	94	45	52	64	60	57	2	48	23	21	43	66	31	90	6	35	18	66	
89	2	94	54	3	44	11	21	46	19	75	93	71	17	15	59	84	45	21	11	65	1	42	71	84	65	64	85	64	67	43	43	95	86	33	50	51	48	49	93	66	53	43	29	90	3	95	59	40	51	
55	2	25	37	63	13	22	98	26	93	40	67	17	84	3	34	16	33	30	54	23	73	88	56	12	69	97	7	14	98	45	63	42	23	85	88	12	24	97	74	97	87	98	73	67	4	40	52	83	50	
16	71	17	60	63	55	63	29	47	21	77	69	15	3	38	56	30	95	66	7	32	2	13	63	94	91	80	13	57	37	88	47	34	70	14	59	97	67	27	15	14	85	26	78	84	2	6	26	37	41	
12	56	57	15	83	44	68	81	95	92	2	98	59	34	56	89	90	100	66	17	56	85	2	8	5	61	32	84	52	24	19	96	49	77	96	95	23	66	85	72	65	62	95	68	76	34	69	45	23	72	
53	72	55	94	76	100	36	36	47	50	71	2	84	16	30	90	9	47	78	81	91	27	23	96	75	89	95	84	28	1	3	84	7	98	49	76	38	92	12	84	18	96	58	87	65	20	71	35	20	26	
79	9	31	26	57	88	45	67	81	34	21	63	45	33	95	100	47	66	45	47	85	97	44	11	77	71	16	48	24	64	37	67	34	90	23	6	40	1	36	22	4	4	69	19	88	36	42	53	81	12	
37	62	94	72	78	81	19	81	29	1	14	88	21	30	66	66	78	45	46	93	5	5	64	85	94	68	27	30	23	94	78	81	36	17	33	96	67	77	71	50	87	84	48	38	56	34	77	39	65	68	
51	72	99	69	37	52	52	83	24	73	27	2	11	54	7	17	81	47	93	99	64	73	2	38	63	74	82	14	33	64	45	4	69	83	92	43	1	35	60	24	95	80	18	43	73	48	18	68	27	54	
9	51	84	72	19	28	43	20	26	79	43	7	65	23	32	56	91	85	5	64	7	85	34	78	7	61	50	27	92	56	2	18	46	18	47	3	15	58	9	11	17	74	46	73	100	76	46	59	39	7	
46	14	11	73	36	61	44	3	58	78	45	22	1	73	2	85	27	97	5	73	85	10	44	56	75	96	79	58	21	63	21	28	92	25	85	18	61	68	21	72	18	34	46	4	36	23	67	37	73	90	
63	70	97	72	64	78	74	84	5	47	43	62	42	88	13	2	23	44	64	2	34	44	3	96	64	56	24	98	11	49	89	36	92	7	64	12	22	10	31	94	45	13	89	19	50	18	50	67	84	99	
55	3	99	46	76	96	19	33	47	14	22	15	71	56	63	8	96	11	85	38	78	56	96	21	78	54	1	15	42	48	80	15	96	71	82	94	97	17	83	7	37	14	21	93	48	29	54	11	69	81	
31	64	28	15	99	90	47	41	80	42	87	6	84	12	94	5	75	77	94	63	7	75	64	78	64	34	52	49	43	42	85	18	74	26	29	44	17	36	11	71	30	29	76	12	57	43	48	52	75	89	
4	79	6	11	74	33	30	6	28	70	27	88	65	69	91	61	89	71	68	74	61	96	56	54	34	54	54	38	9	69	8	78	98	76	72	8	30	70	57	95	64	75	5	88	74	27	40	77	88	3	
2	50	61	54	59	97	16	13	80	72	13	1	64	97	80	32	95	16	27	82	50	79	24	1	52	54	38	14	58	82	72	79	79	24	63	56	52	19	7	40	96	4	63	31	39	66	3	71	90	49	
45	96	40	56	13	8	10	47	81	80	1	59	85	7	13	84	84	48	30	14	27	58	98	15	49	38	14	72	51	17	64	13	7	33	12	14	41	85	66	41	51	97	32	77	100	97	93	36	44	23	
34	13	74	47	18	97	34	61	28	61	86	24	64	14	57	52	28	24	23	33	92	21	11	42	43	9	58	51	64	4	77	14	98	49	82	46	12	20	29	77	4	83	95	51	57	9	11	57	23	61	
39	64	39	61	43	5	17	67	46	24	66	9	67	98	37	24	1	64	94	64	56	63	49	48	42	69	82	17	4	99	80	55	89	18	89	55	29	38	98	20	58	95	20	16	24	82	79	56	15	18	
91	16	8	17	36	86	51	57	7	7	11	24	43	45	88	19	3	37	78	45	2	21	89	80	85	8	72	64	77	80	56	59	15	95	26	44	65	80	98	51	65	77	76	72	45	77	71	28	37	68	
67	69	23	39	21	43	91	78	80	67	36	92	43	63	47	96	84	67	81	4	18	28	36	15	18	78	79	13	14	55	59	57	45	85	3	95	74	49	49	69	43	70	43	20	83	43	96	77	25	54	
88	70	53	29	50	83	46	48	29	32	22	94	95	42	34	49	7	34	36	69	46	92	92	96	74	98	79	7	98	89	15	45	100	41	65	58	33	60	18	49	59	40	2	97	36	65	23	49	35	19	
6	56	8	31	92	90	53	80	38	23	31	45	86	23	70	77	98	90	17	83	18	25	7	71	26	76	24	33	49	18	95	85	41	66	45	38	76	24	45	43	100	56	58	71	97	73	72	57	83	74	
3	38	45	98	97	48	76	12	98	78	50	52	33	85	14	96	49	23	33	92	47	85	64	82	29	72	63	12	82	89	26	3	65	45	35	29	35	75	60	53	46	6	51	44	10	15	47	85	27	63	
70	41	25	21	85	62	93	59	69	63	3	64	50	88	59	95	76	6	96	43	3	18	12	94	44	8	56	14	46	55	44	95	58	38	29	56	43	33	76	40	93	93	15	34	91	90	11	55	58	58	
61	37	57	56	91	76	60	74	95	74	2	60	51	12	97	23	38	40	67	1	15	61	22	97	17	30	52	41	12	29	65	74	33	76	35	43	81	8	63	75	12	35	1	20	98	48	57	54	3	34	
24	26	52	29	8	44	84	67	81	67	62	57	48	24	67	66	92	1	77	35	58	68	10	17	36	70	19	85	20	38	80	49	60	24	75	33	8	21	90	42	84	71	66	14	70	17	22	45	65	21	
36	87	63	70	27	62	54	5	53	75	7	2	49	97	27	85	12	36	71	60	9	21	31	83	11	57	7	66	29	98	98	49	18	45	60	76	63	90	8	86	54	81	87	12	25	33	51	34	9	27	
45	83	39	27	1	19	10	94	45	25	51	48	93	74	15	72	84	22	50	24	11	72	94	7	71	95	40	41	77	20	51	69	49	43	53	40	75	42	86	35	71	87	27	32	87	84	58	23	62	5	
21	75	15	74	66	67	52	62	42	1	87	23	66	97	14	65	18	4	87	95	17	18	45	37	30	64	96	51	4	58	65	43	59	100	46	93	12	84	54	71	78	43	70	47	95	37	78	88	90	2	
68	73	98	57	13	33	84	52	85	20	76	21	53	87	85	62	96	4	84	80	74	34	13	14	29	75	4	97	83	95	77	70	40	56	6	93	35	71	81	87	43	3	14	67	85	54	39	97	31	81	
96	79	1	61	99	84	90	20	26	3	52	43	43	98	26	95	58	69	48	18	46	46	89	21	76	5	63	32	95	20	76	43	2	58	51	15	1	66	87	27	70	14	14	50	48	78	75	15	81	48	
3	29	75	95	28	83	51	93	17	31	51	66	29	73	78	68	87	19	38	43	73	4	19	93	12	88	31	77	51	16	72	20	97	71	44	34	20	14	12	32	47	67	50	23	57	23	25	82	76	14	
62	5	25	35	28	64	53	88	30	40	54	31	90	67	84	76	65	88	56	73	100	36	50	48	57	74	39	100	57	24	45	83	36	97	10	91	98	70	25	87	95	85	48	57	91	88	84	92	51	12	
80	27	26	75	80	3	36	64	60	28	27	90	3	4	2	34	20	36	34	48	76	23	18	29	43	27	66	97	9	82	77	43	65	73	15	90	48	17	33	84	37	54	78	23	88	46	78	17	92	9	
21	71	43	86	23	29	30	16	31	100	94	6	95	40	6	69	71	42	77	18	46	67	50	54	48	40	3	93	11	79	71	96	23	72	47	11	57	22	51	58	78	39	75	25	84	78	91	63	67	49	
78	58	51	41	64	45	19	41	64	50	10	35	59	52	26	45	35	53	39	68	59	37	67	11	52	77	71	36	57	56	28	77	49	57	85	55	54	45	34	23	88	97	15	82	92	17	63	75	42	17	
63	60	42	38	30	55	98	87	28	98	67	18	40	83	37	23	20	81	65	27	39	73	84	69	75	88	90	44	23	15	37	25	35	83	27	58	3	65	9	62	90	31	81	76	51	92	67	42	16	32	
93	83	55	98	69	63	85	61	79	45	33	66	51	50	41	72	26	12	68	54	7	90	99	81	89	3	49	23	61	18	68	54	19	74	63	58	34	21	27	5	2	81	48	14	12	9	49	17	32	59	
