50
1380
88	33	45	61	4	23	7	42	31	65	33	61	97	12	75	68	53	86	90	72	93	53	83	16	63	51	2	69	42	57	63	74	16	99	64	90	57	94	15	98	48	53	94	55	1	27	61	73	62	32	
15	68	6	86	50	66	42	19	57	40	28	88	33	26	97	96	44	47	90	13	76	100	73	79	51	79	88	17	37	50	52	50	42	46	97	46	22	44	33	5	33	35	40	92	83	1	52	93	100	2	
68	36	46	5	26	14	57	72	22	15	42	7	17	30	75	15	69	62	42	20	30	99	66	86	24	93	26	10	49	12	92	98	85	91	50	73	52	77	23	80	18	17	64	63	2	18	58	20	54	27	
6	46	62	38	40	35	47	52	71	78	100	100	44	84	83	72	7	37	13	82	51	51	91	23	88	39	85	20	30	7	77	70	3	7	35	67	21	94	95	1	6	45	91	29	87	38	5	87	4	45	
86	5	38	99	7	33	41	78	22	73	53	20	95	54	27	70	1	28	96	13	43	36	23	67	42	82	22	43	67	49	41	37	82	62	84	19	48	32	12	22	62	60	89	16	11	48	84	15	11	48	
50	26	40	7	91	26	67	82	17	57	70	92	40	86	24	96	90	91	90	29	91	20	42	83	81	17	99	58	99	68	66	11	82	29	30	71	37	60	59	85	72	16	51	26	71	43	39	79	70	2	
66	14	35	33	26	82	32	75	31	4	56	26	4	37	93	16	49	68	50	58	90	36	34	77	17	88	16	92	43	91	11	46	79	52	63	39	87	47	99	50	31	26	90	16	59	40	73	10	53	49	
42	57	47	41	67	32	72	13	95	92	18	42	73	94	40	32	14	36	22	42	67	24	26	57	38	82	52	20	52	8	65	72	59	55	49	60	7	27	51	44	79	29	25	4	16	44	95	26	72	97	
19	72	52	78	82	75	13	14	98	33	38	73	6	35	22	28	41	86	15	45	33	87	73	100	44	59	72	73	73	37	8	72	49	52	5	34	27	20	83	74	59	77	67	12	56	84	67	21	60	10	
57	22	71	22	17	31	95	98	21	60	37	71	14	95	53	49	55	38	3	83	40	11	82	27	75	25	95	30	22	18	31	55	44	25	39	59	36	8	45	26	74	96	88	75	24	61	34	78	73	26	
40	15	78	73	57	4	92	33	60	49	78	27	100	78	93	83	38	58	96	5	27	44	11	51	61	98	54	47	77	33	87	90	15	72	4	81	36	71	23	19	73	45	2	3	12	83	23	29	90	98	
28	42	100	53	70	56	18	38	37	78	7	30	64	66	21	79	54	42	59	35	47	28	46	11	49	97	26	52	33	34	40	98	47	18	45	76	16	28	74	93	41	32	54	46	33	57	42	69	60	87	
88	7	100	20	92	26	42	73	71	27	30	86	11	85	82	90	11	87	57	95	35	95	85	63	93	30	74	67	73	93	81	35	30	49	20	18	37	43	18	13	24	13	77	35	78	28	43	76	81	99	
33	17	44	95	40	4	73	6	14	100	64	11	94	27	89	70	99	13	93	12	73	20	24	34	32	99	72	72	38	79	8	63	100	52	9	35	3	56	74	71	71	62	69	93	54	89	39	8	92	7	
26	30	84	54	86	37	94	35	95	78	66	85	27	10	96	9	4	76	7	75	58	62	43	8	86	1	72	100	14	57	21	43	1	35	27	35	48	94	45	21	16	51	79	35	88	8	36	43	73	88	
97	75	83	27	24	93	40	22	53	93	21	82	89	96	80	22	21	24	13	73	16	61	49	64	56	96	17	20	36	92	72	99	26	29	89	38	58	16	92	94	42	59	48	18	39	20	57	65	95	100	
96	15	72	70	96	16	32	28	49	83	79	90	70	9	22	63	72	66	24	69	22	32	96	15	3	91	14	54	46	65	44	83	1	28	26	42	39	8	46	56	9	77	7	72	30	94	96	27	52	80	
44	69	7	1	90	49	14	41	55	38	54	11	99	4	21	72	81	91	34	52	54	79	63	33	100	63	43	37	90	16	20	57	13	7	98	91	40	94	49	59	93	14	54	81	1	97	61	44	8	6	
47	62	37	28	91	68	36	86	38	58	42	87	13	76	24	66	91	91	58	31	6	58	24	56	53	8	66	13	1	16	12	50	14	61	14	56	11	70	90	58	91	8	11	13	74	78	64	30	49	9	
90	42	13	96	90	50	22	15	3	96	59	57	93	7	13	24	34	58	64	65	87	54	12	74	92	12	59	97	88	57	40	75	64	48	98	89	62	59	37	54	65	24	53	85	3	47	33	87	69	66	
13	20	82	13	29	58	42	45	83	5	35	95	12	75	73	69	52	31	65	21	80	49	81	44	12	55	68	22	95	87	27	34	94	32	65	7	74	18	35	70	60	95	69	95	76	22	26	14	22	4	
76	30	51	43	91	90	67	33	40	27	47	35	73	58	16	22	54	6	87	80	48	23	76	63	47	81	5	39	15	85	17	14	38	9	52	63	30	43	39	32	2	54	85	95	41	66	46	14	45	7	
100	99	51	36	20	36	24	87	11	44	28	95	20	62	61	32	79	58	54	49	23	64	63	39	64	41	21	94	50	72	36	24	92	44	81	11	44	81	13	9	49	16	87	56	51	54	46	98	52	9	
73	66	91	23	42	34	26	73	82	11	46	85	24	43	49	96	63	24	12	81	76	63	33	5	39	73	59	19	23	44	12	33	49	7	92	44	30	40	60	97	13	94	97	9	56	61	89	88	4	54	
79	86	23	67	83	77	57	100	27	51	11	63	34	8	64	15	33	56	74	44	63	39	5	53	84	3	56	68	52	79	77	19	7	98	42	60	16	92	64	61	97	93	58	88	26	91	30	17	64	74	
51	24	88	42	81	17	38	44	75	61	49	93	32	86	56	3	100	53	92	12	47	64	39	84	36	94	51	35	100	60	86	97	78	96	94	76	94	73	38	37	81	10	80	21	52	46	41	56	55	53	
79	93	39	82	17	88	82	59	25	98	97	30	99	1	96	91	63	8	12	55	81	41	73	3	94	48	20	71	29	47	44	49	74	30	23	49	94	6	37	77	17	44	29	75	27	60	74	43	48	84	
88	26	85	22	99	16	52	72	95	54	26	74	72	72	17	14	43	66	59	68	5	21	59	56	51	20	35	54	87	20	75	83	33	33	48	95	18	35	47	14	12	11	3	75	81	50	9	38	79	79	
17	10	20	43	58	92	20	73	30	47	52	67	72	100	20	54	37	13	97	22	39	94	19	68	35	71	54	21	39	84	54	41	100	68	92	80	54	82	62	25	51	12	68	67	61	72	42	27	75	6	
37	49	30	67	99	43	52	73	22	77	33	73	38	14	36	46	90	1	88	95	15	50	23	52	100	29	87	39	58	85	87	7	52	49	96	14	83	22	60	79	73	15	52	86	86	44	92	58	33	28	
50	12	7	49	68	91	8	37	18	33	34	93	79	57	92	65	16	16	57	87	85	72	44	79	60	47	20	84	85	22	33	80	76	32	89	4	97	20	38	70	15	95	93	99	61	7	35	58	97	79	
52	92	77	41	66	11	65	8	31	87	40	81	8	21	72	44	20	12	40	27	17	36	12	77	86	44	75	54	87	33	57	34	9	64	15	45	62	87	60	82	48	73	22	73	88	36	63	4	28	58	
50	98	70	37	11	46	72	72	55	90	98	35	63	43	99	83	57	50	75	34	14	24	33	19	97	49	83	41	7	80	34	20	92	87	57	50	26	41	15	87	60	67	29	38	10	54	86	86	69	90	
42	85	3	82	82	79	59	49	44	15	47	30	100	1	26	1	13	14	64	94	38	92	49	7	78	74	33	100	52	76	9	92	75	99	88	2	49	72	13	75	53	55	10	24	95	44	69	49	87	29	
46	91	7	62	29	52	55	52	25	72	18	49	52	35	29	28	7	61	48	32	9	44	7	98	96	30	33	68	49	32	64	87	99	78	96	79	94	15	21	1	86	63	100	93	83	13	29	55	98	52	
97	50	35	84	30	63	49	5	39	4	45	20	9	27	89	26	98	14	98	65	52	81	92	42	94	23	48	92	96	89	15	57	88	96	95	63	72	84	6	40	35	40	37	43	11	66	6	23	93	93	
46	73	67	19	71	39	60	34	59	81	76	18	35	35	38	42	91	56	89	7	63	11	44	60	76	49	95	80	14	4	45	50	2	79	63	76	87	43	69	33	94	41	6	45	100	52	10	4	51	52	
22	52	21	48	37	87	7	27	36	36	16	37	3	48	58	39	40	11	62	74	30	44	30	16	94	94	18	54	83	97	62	26	49	94	72	87	94	28	50	84	84	74	50	34	46	3	11	26	58	86	
44	77	94	32	60	47	27	20	8	71	28	43	56	94	16	8	94	70	59	18	43	81	40	92	73	6	35	82	22	20	87	41	72	15	84	43	28	47	74	44	74	96	18	9	56	76	65	52	67	39	
33	23	95	12	59	99	51	83	45	23	74	18	74	45	92	46	49	90	37	35	39	13	60	64	38	37	47	62	60	38	60	15	13	21	6	69	50	74	38	30	99	97	73	19	12	18	38	53	52	26	
5	80	1	22	85	50	44	74	26	19	93	13	71	21	94	56	59	58	54	70	32	9	97	61	37	77	14	25	79	70	82	87	75	1	40	33	84	44	30	65	61	36	33	60	19	93	17	58	53	22	
33	18	6	62	72	31	79	59	74	73	41	24	71	16	42	9	93	91	65	60	2	49	13	97	81	17	12	51	73	15	48	60	53	86	35	94	84	74	99	61	12	40	63	22	70	49	52	16	56	96	
35	17	45	60	16	26	29	77	96	45	32	13	62	51	59	77	14	8	24	95	54	16	94	93	10	44	11	12	15	95	73	67	55	63	40	41	74	96	97	36	40	9	21	55	7	39	90	89	26	95	
40	64	91	89	51	90	25	67	88	2	54	77	69	79	48	7	54	11	53	69	85	87	97	58	80	29	3	68	52	93	22	29	10	100	37	6	50	18	73	33	63	21	60	14	15	44	47	35	75	25	
92	63	29	16	26	16	4	12	75	3	46	35	93	35	18	72	81	13	85	95	95	56	9	88	21	75	75	67	86	99	73	38	24	93	43	45	34	9	19	60	22	55	14	85	27	67	66	29	21	11	
83	2	87	11	71	59	16	56	24	12	33	78	54	88	39	30	1	74	3	76	41	51	56	26	52	27	81	61	86	61	88	10	95	83	11	100	46	56	12	19	70	7	15	27	83	39	81	65	1	42	
1	18	38	48	43	40	44	84	61	83	57	28	89	8	20	94	97	78	47	22	66	54	61	91	46	60	50	72	44	7	36	54	44	13	66	52	3	76	18	93	49	39	44	67	39	99	100	59	53	12	
52	58	5	84	39	73	95	67	34	23	42	43	39	36	57	96	61	64	33	26	46	46	89	30	41	74	9	42	92	35	63	86	69	29	6	10	11	65	38	17	52	90	47	66	81	100	50	1	80	52	
93	20	87	15	79	10	26	21	78	29	69	76	8	43	65	27	44	30	87	14	14	98	88	17	56	43	38	27	58	58	4	86	49	55	23	4	26	52	53	58	16	89	35	29	65	59	1	27	17	4	
100	54	4	11	70	53	72	60	73	90	60	81	92	73	95	52	8	49	69	22	45	52	4	64	55	48	79	75	33	97	28	69	87	98	93	51	58	67	52	53	56	26	75	21	1	53	80	17	66	66	
2	27	45	48	2	49	97	10	26	98	87	99	7	88	100	80	6	9	66	4	7	9	54	74	53	84	79	6	28	79	58	90	29	52	93	52	86	39	26	22	96	95	25	11	42	12	52	4	66	2	
