50
1629
39	43	36	15	61	95	5	37	28	63	89	67	38	82	99	5	66	40	17	87	68	37	68	41	36	91	1	72	16	62	83	46	85	76	94	79	96	80	30	13	74	18	57	76	84	24	39	62	74	52	
27	98	82	18	37	8	73	39	91	68	59	51	44	93	95	64	62	36	83	28	71	6	26	69	53	87	4	51	47	16	22	50	46	51	5	55	78	50	63	91	68	21	85	30	98	79	83	87	46	7	
98	44	60	31	25	19	74	31	63	80	47	91	53	33	19	77	74	91	33	18	66	42	78	88	15	23	67	94	56	49	33	89	45	1	39	86	35	65	85	49	88	38	70	99	44	57	21	51	20	57	
82	60	16	61	48	30	40	69	91	56	37	97	47	94	42	58	18	71	3	82	34	82	83	71	70	64	9	100	14	45	100	20	34	74	76	56	47	91	56	64	65	81	95	40	34	96	97	55	64	21	
18	31	61	91	39	55	35	68	23	3	14	49	95	45	28	8	16	76	53	33	77	92	61	1	82	36	22	99	40	48	78	7	35	61	43	100	85	40	13	68	94	73	56	12	45	44	4	34	54	3	
37	25	48	39	1	52	4	33	81	70	33	81	32	3	65	94	27	9	8	74	37	27	24	78	71	87	62	9	38	68	64	67	60	91	3	34	97	22	64	11	11	27	24	66	100	21	29	20	19	88	
8	19	30	55	52	29	75	62	60	34	19	71	91	69	58	87	15	41	78	82	46	61	36	27	5	9	74	81	83	20	33	43	36	81	85	83	94	58	35	32	9	92	85	24	99	5	14	92	89	61	
73	74	40	35	4	75	34	36	53	34	47	15	41	38	38	100	62	74	90	46	53	41	98	5	51	84	61	33	82	98	89	95	14	29	34	79	34	49	37	70	37	37	24	43	79	12	7	73	77	37	
39	31	69	68	33	62	36	16	55	40	39	53	19	59	34	59	13	86	12	81	60	75	14	82	18	91	86	90	75	25	25	63	81	27	21	27	16	100	68	86	91	92	55	49	72	96	14	100	94	6	
91	63	91	23	81	60	53	55	24	89	55	3	95	55	15	15	84	66	21	13	97	30	31	53	28	64	99	47	48	53	28	11	23	31	40	26	70	15	21	93	91	92	73	96	47	98	55	10	40	53	
68	80	56	3	70	34	34	40	89	8	100	39	43	78	86	90	68	43	20	29	60	29	43	7	21	82	78	98	87	15	8	28	11	42	78	61	14	31	97	62	73	3	12	68	95	25	47	69	69	81	
59	47	37	14	33	19	47	39	55	100	5	26	85	98	17	51	45	62	25	24	39	46	34	22	97	61	31	2	90	61	71	8	80	37	81	62	33	28	100	69	91	8	41	59	57	11	73	67	60	64	
51	91	97	49	81	71	15	53	3	39	26	9	44	31	83	71	77	13	79	21	96	58	92	24	39	76	24	20	33	72	9	43	94	63	82	65	50	82	11	56	58	36	6	86	11	93	45	74	39	5	
44	53	47	95	32	91	41	19	95	43	85	44	7	7	45	69	59	9	63	59	35	19	44	69	6	67	92	60	63	2	70	2	100	39	73	80	55	58	29	34	8	27	61	64	20	68	11	75	58	81	
93	33	94	45	3	69	38	59	55	78	98	31	7	54	18	72	54	28	60	82	95	27	77	99	25	16	52	81	21	1	84	91	19	56	61	70	89	14	94	7	52	86	5	98	61	7	74	35	23	10	
95	19	42	28	65	58	38	34	15	86	17	83	45	18	93	68	73	1	76	35	42	98	46	76	6	56	61	52	99	45	19	77	39	67	8	55	45	82	56	53	61	78	9	42	93	31	98	9	34	50	
64	77	58	8	94	87	100	59	15	90	51	71	69	72	68	88	68	79	95	14	69	54	1	46	61	39	69	92	66	17	34	36	49	59	30	83	11	97	64	80	9	11	85	53	92	9	48	63	92	59	
62	74	18	16	27	15	62	13	84	68	45	77	59	54	73	68	63	27	46	8	47	50	70	14	69	71	53	24	73	28	23	51	68	69	18	50	86	75	49	66	87	96	17	78	12	49	52	30	2	37	
36	91	71	76	9	41	74	86	66	43	62	13	9	28	1	79	27	15	5	41	48	19	41	89	19	7	94	62	96	48	21	75	13	95	8	56	14	53	94	21	36	77	10	2	17	25	15	64	52	2	
83	33	3	53	8	78	90	12	21	20	25	79	63	60	76	95	46	5	82	77	98	15	46	88	71	26	46	62	33	59	89	18	28	6	92	41	7	98	67	87	95	19	75	32	18	70	23	24	33	47	
28	18	82	33	74	82	46	81	13	29	24	21	59	82	35	14	8	41	77	43	30	77	64	8	74	34	38	90	45	34	4	7	82	23	1	10	43	63	78	97	90	19	50	53	81	87	62	86	38	2	
71	66	34	77	37	46	53	60	97	60	39	96	35	95	42	69	47	48	98	30	61	44	76	58	52	26	41	40	25	37	56	38	27	38	100	18	66	9	94	43	25	22	21	75	84	64	33	59	50	85	
6	42	82	92	27	61	41	75	30	29	46	58	19	27	98	54	50	19	15	77	44	95	12	54	84	15	38	6	62	39	16	77	43	79	61	26	82	68	42	15	8	36	86	2	2	30	60	97	78	64	
26	78	83	61	24	36	98	14	31	43	34	92	44	77	46	1	70	41	46	64	76	12	33	62	65	70	73	72	47	66	86	88	50	54	18	25	66	76	40	53	14	3	7	75	15	23	20	41	10	16	
69	88	71	1	78	27	5	82	53	7	22	24	69	99	76	46	14	89	88	8	58	54	62	92	66	6	24	70	92	74	33	6	34	73	86	85	71	46	6	68	44	86	69	22	30	76	87	84	99	47	
53	15	70	82	71	5	51	18	28	21	97	39	6	25	6	61	69	19	71	74	52	84	65	66	80	36	77	30	42	45	76	51	68	56	69	34	17	63	38	18	43	67	67	33	8	36	98	8	21	85	
87	23	64	36	87	9	84	91	64	82	61	76	67	16	56	39	71	7	26	34	26	15	70	6	36	24	26	79	59	57	78	4	64	7	22	55	99	44	46	97	51	18	99	23	33	90	62	23	88	68	
4	67	9	22	62	74	61	86	99	78	31	24	92	52	61	69	53	94	46	38	41	38	73	24	77	26	53	1	14	52	6	48	39	73	42	2	95	23	99	3	52	7	28	30	3	65	1	13	83	63	
51	94	100	99	9	81	33	90	47	98	2	20	60	81	52	92	24	62	62	90	40	6	72	70	30	79	1	7	7	55	70	6	32	34	20	55	83	99	1	23	61	56	91	38	92	4	84	55	98	33	
47	56	14	40	38	83	82	75	48	87	90	33	63	21	99	66	73	96	33	45	25	62	47	92	42	59	14	7	9	75	47	30	49	38	30	39	36	98	31	95	28	19	65	2	42	2	32	89	17	53	
16	49	45	48	68	20	98	25	53	15	61	72	2	1	45	17	28	48	59	34	37	39	66	74	45	57	52	55	75	56	97	22	51	51	6	48	98	77	82	65	46	43	4	60	78	33	64	16	96	72	
22	33	100	78	64	33	89	25	28	8	71	9	70	84	19	34	23	21	89	4	56	16	86	33	76	78	6	70	47	97	37	94	11	48	17	21	97	89	38	58	84	16	68	73	31	56	85	34	33	55	
50	89	20	7	67	43	95	63	11	28	8	43	2	91	77	36	51	75	18	7	38	77	88	6	51	4	48	6	30	22	94	29	57	11	25	93	75	83	86	68	15	83	97	45	69	37	2	57	35	80	
46	45	34	35	60	36	14	81	23	11	80	94	100	19	39	49	68	13	28	82	27	43	50	34	68	64	39	32	49	51	11	57	74	1	98	95	93	6	6	66	51	64	81	83	26	92	32	43	91	21	
51	1	74	61	91	81	29	27	31	42	37	63	39	56	67	59	69	95	6	23	38	79	54	73	56	7	73	34	38	51	48	11	1	16	5	11	59	93	63	89	40	40	31	47	9	79	49	53	28	45	
5	39	76	43	3	85	34	21	40	78	81	82	73	61	8	30	18	8	92	1	100	61	18	86	69	22	42	20	30	6	17	25	98	5	22	64	93	21	76	82	98	2	36	67	90	60	4	60	53	57	
55	86	56	100	34	83	79	27	26	61	62	65	80	70	55	83	50	56	41	10	18	26	25	85	34	55	2	55	39	48	21	93	95	11	64	46	3	84	37	43	20	64	96	84	94	62	55	47	98	81	
78	35	47	85	97	94	34	16	70	14	33	50	55	89	45	11	86	14	7	43	66	82	66	71	17	99	95	83	36	98	97	75	93	59	93	3	94	31	25	31	28	78	64	55	46	5	85	69	41	33	
50	65	91	40	22	58	49	100	15	31	28	82	58	14	82	97	75	53	98	63	9	68	76	46	63	44	23	99	98	77	89	83	6	93	21	84	31	46	24	61	54	50	1	75	63	99	98	77	32	4	
63	85	56	13	64	35	37	68	21	97	100	11	29	94	56	64	49	94	67	78	94	42	40	6	38	46	99	1	31	82	38	86	6	63	76	37	25	24	9	73	35	76	80	16	24	74	47	52	8	97	
91	49	64	68	11	32	70	86	93	62	69	56	34	7	53	80	66	21	87	97	43	15	53	68	18	97	3	23	95	65	58	68	66	89	82	43	31	61	73	93	55	46	45	7	36	23	77	3	31	16	
68	88	65	94	11	9	37	91	91	73	91	58	8	52	61	9	87	36	95	90	25	8	14	44	43	51	52	61	28	46	84	15	51	40	98	20	28	54	35	55	78	50	63	67	91	57	23	94	14	82	
21	38	81	73	27	92	37	92	92	3	8	36	27	86	78	11	96	77	19	19	22	36	3	86	67	18	7	56	19	43	16	83	64	40	2	64	78	50	76	46	50	100	4	79	21	99	97	100	37	81	
85	70	95	56	24	85	24	55	73	12	41	6	61	5	9	85	17	10	75	50	21	86	7	69	67	99	28	91	65	4	68	97	81	31	36	96	64	1	80	45	63	4	22	45	68	76	43	77	68	8	
30	99	40	12	66	24	43	49	96	68	59	86	64	98	42	53	78	2	32	53	75	2	75	22	33	23	30	38	2	60	73	45	83	47	67	84	55	75	16	7	67	79	45	85	4	42	38	27	65	34	
98	44	34	45	100	99	79	72	47	95	57	11	20	61	93	92	12	17	18	81	84	2	15	30	8	33	3	92	42	78	31	69	26	9	90	94	46	63	24	36	91	21	68	4	52	19	53	18	80	57	
79	57	96	44	21	5	12	96	98	25	11	93	68	7	31	9	49	25	70	87	64	30	23	76	36	90	65	4	2	33	56	37	92	79	60	62	5	99	74	23	57	99	76	42	19	34	96	6	94	97	
83	21	97	4	29	14	7	14	55	47	73	45	11	74	98	48	52	15	23	62	33	60	20	87	98	62	1	84	32	64	85	2	32	49	4	55	85	98	47	77	23	97	43	38	53	96	47	29	36	6	
87	51	55	34	20	92	73	100	10	69	67	74	75	35	9	63	30	64	24	86	59	97	41	84	8	23	13	55	89	16	34	57	43	53	60	47	69	77	52	3	94	100	77	27	18	6	29	38	58	46	
46	20	64	54	19	89	77	94	40	69	60	39	58	23	34	92	2	52	33	38	50	78	10	99	21	88	83	98	17	96	33	35	91	28	53	98	41	32	8	31	14	37	68	65	80	94	36	58	54	86	
7	57	21	3	88	61	37	6	53	81	64	5	81	10	50	59	37	2	47	2	85	64	16	47	85	68	63	33	53	72	55	80	21	45	57	81	33	4	97	16	82	81	8	34	57	97	6	46	86	85	
