50
1159
33	65	38	76	43	11	1	41	32	53	70	13	81	1	13	65	29	83	51	91	73	15	22	81	63	40	41	89	61	91	98	20	50	15	86	66	27	76	7	98	100	75	74	27	77	45	10	88	79	2	
61	54	27	19	30	67	57	77	36	12	58	80	44	18	12	99	9	44	43	93	10	55	15	97	92	86	43	28	55	4	75	31	68	26	17	29	32	66	78	88	76	20	46	47	14	36	34	17	15	59	
54	62	86	100	33	29	49	61	43	51	14	47	96	87	26	45	47	54	76	25	77	49	57	67	65	34	37	56	9	37	47	5	76	36	83	60	47	98	4	72	39	49	59	87	43	6	32	14	21	56	
27	86	62	44	36	10	1	49	77	69	18	8	79	51	26	45	29	4	72	23	53	57	55	85	83	39	40	69	29	11	67	55	39	100	86	18	20	55	33	59	96	17	96	99	92	96	80	17	99	58	
19	100	44	98	28	32	94	12	55	39	2	92	50	14	34	1	89	74	97	45	79	81	44	18	92	30	100	96	9	30	80	43	83	69	17	15	70	95	52	66	41	11	70	30	14	23	58	51	20	65	
30	33	36	28	67	81	72	93	98	34	84	20	80	56	21	72	89	94	70	4	16	69	90	74	29	81	97	41	56	74	98	41	87	9	93	12	59	10	11	48	39	93	78	20	28	90	57	45	48	35	
67	29	10	32	81	34	97	85	34	69	81	8	39	26	90	71	59	97	2	36	13	58	18	83	75	81	17	97	11	94	85	94	7	93	6	100	53	91	26	89	88	25	34	15	46	53	33	26	1	41	
57	49	1	94	72	97	60	2	79	92	99	58	68	20	51	59	71	74	90	8	37	26	16	51	40	70	67	18	19	34	26	42	55	21	46	27	40	8	30	24	29	78	62	36	25	33	34	15	40	6	
77	61	49	12	93	85	2	55	96	90	84	92	50	52	91	1	31	86	24	86	46	45	74	72	46	79	91	80	78	26	67	47	94	46	44	82	59	92	50	58	58	33	47	100	29	26	57	69	7	62	
36	43	77	55	98	34	79	96	26	81	59	59	29	77	47	64	25	59	33	14	98	29	44	95	40	94	70	87	8	34	70	35	20	4	8	69	53	29	88	93	45	25	45	60	100	62	12	75	78	78	
12	51	69	39	34	69	92	90	81	71	67	83	30	80	41	86	99	26	61	82	48	9	61	12	7	48	4	14	58	20	84	74	69	12	98	71	82	77	47	79	27	32	38	38	14	42	74	86	91	81	
58	14	18	2	84	81	99	84	59	67	37	58	7	84	67	28	6	21	7	11	78	7	12	87	31	44	41	87	46	63	88	73	47	70	75	58	58	27	15	91	69	41	71	48	43	51	21	45	28	38	
80	47	8	92	20	8	58	92	59	83	58	97	65	45	72	24	10	81	15	69	89	47	96	69	48	40	58	10	47	19	37	19	69	21	8	22	66	40	43	80	71	25	99	78	5	47	21	94	26	69	
44	96	79	50	80	39	68	50	29	30	7	65	82	1	16	28	29	50	6	58	12	47	96	72	16	66	82	89	64	40	13	34	92	90	32	79	62	72	99	80	30	87	82	90	4	4	26	94	60	29	
18	87	51	14	56	26	20	52	77	80	84	45	1	14	39	22	29	51	18	40	71	32	16	21	14	32	37	26	84	31	69	86	22	58	57	74	93	23	28	31	27	83	8	44	96	50	20	44	26	79	
12	26	26	34	21	90	51	91	47	41	67	72	16	39	13	50	11	64	86	65	21	31	77	62	90	58	58	69	17	74	12	76	61	16	56	59	54	63	23	36	33	78	37	43	70	17	19	7	46	93	
99	45	45	1	72	71	59	1	64	86	28	24	28	22	50	49	25	95	34	7	19	38	42	97	50	53	56	11	20	23	16	33	19	30	88	48	55	1	35	1	78	25	32	99	28	10	63	51	55	71	
9	47	29	89	89	59	71	31	25	99	6	10	29	29	11	25	85	5	4	98	38	22	30	49	24	53	72	46	98	38	16	50	19	59	7	19	78	91	73	10	30	94	36	7	24	98	3	21	83	48	
44	54	4	74	94	97	74	86	59	26	21	81	50	51	64	95	5	83	53	53	35	18	35	72	13	8	69	95	9	85	96	25	78	50	9	74	11	100	74	82	67	16	35	92	46	59	42	3	56	41	
43	76	72	97	70	2	90	24	33	61	7	15	6	18	86	34	4	53	82	77	81	59	98	1	27	30	32	82	74	45	25	9	62	23	6	13	46	93	38	8	59	38	69	79	80	48	6	18	96	12	
93	25	23	45	4	36	8	86	14	82	11	69	58	40	65	7	98	53	77	34	20	59	73	37	83	99	64	81	7	95	99	62	64	61	21	58	50	62	51	94	27	64	79	6	76	68	18	68	58	23	
10	77	53	79	16	13	37	46	98	48	78	89	12	71	21	19	38	35	81	20	46	77	83	48	54	28	58	19	72	47	7	70	80	4	56	48	27	100	66	81	30	31	54	8	8	18	11	35	78	56	
55	49	57	81	69	58	26	45	29	9	7	47	47	32	31	38	22	18	59	59	77	51	90	38	44	44	47	65	22	24	38	35	56	50	89	25	30	31	34	13	25	7	26	44	27	10	88	90	100	91	
15	57	55	44	90	18	16	74	44	61	12	96	96	16	77	42	30	35	98	73	83	90	37	59	8	97	84	25	43	67	70	45	87	34	90	11	40	25	60	84	41	17	92	1	6	100	28	56	67	2	
97	67	85	18	74	83	51	72	95	12	87	69	72	21	62	97	49	72	1	37	48	38	59	99	6	50	47	80	56	17	1	6	35	6	46	74	95	32	72	60	48	86	10	7	95	60	54	95	38	6	
92	65	83	92	29	75	40	46	40	7	31	48	16	14	90	50	24	13	27	83	54	44	8	6	94	93	43	96	43	97	84	83	59	10	15	32	67	84	73	82	27	21	62	64	48	80	78	33	78	74	
86	34	39	30	81	81	70	79	94	48	44	40	66	32	58	53	53	8	30	99	28	44	97	50	93	18	43	10	64	27	72	77	55	43	49	69	64	6	9	15	59	73	73	59	40	77	61	92	58	91	
43	37	40	100	97	17	67	91	70	4	41	58	82	37	58	56	72	69	32	64	58	47	84	47	43	43	38	14	89	71	66	8	68	71	17	91	76	12	5	3	58	88	6	56	56	4	85	79	85	51	
28	56	69	96	41	97	18	80	87	14	87	10	89	26	69	11	46	95	82	81	19	65	25	80	96	10	14	47	13	36	4	5	39	82	99	42	65	83	20	59	87	85	24	30	19	18	12	45	41	51	
55	9	29	9	56	11	19	78	8	58	46	47	64	84	17	20	98	9	74	7	72	22	43	56	43	64	89	13	78	60	59	80	100	89	50	43	66	20	9	22	68	76	82	73	88	53	56	21	37	76	
4	37	11	30	74	94	34	26	34	20	63	19	40	31	74	23	38	85	45	95	47	24	67	17	97	27	71	36	60	45	78	21	13	87	31	64	100	90	67	30	60	69	41	79	12	95	74	4	100	40	
75	47	67	80	98	85	26	67	70	84	88	37	13	69	12	16	16	96	25	99	7	38	70	1	84	72	66	4	59	78	3	5	19	90	18	91	53	48	9	22	56	94	48	21	88	57	99	16	45	49	
31	5	55	43	41	94	42	47	35	74	73	19	34	86	76	33	50	25	9	62	70	35	45	6	83	77	8	5	80	21	5	20	39	16	47	2	91	42	72	83	50	60	90	95	67	52	98	17	71	72	
68	76	39	83	87	7	55	94	20	69	47	69	92	22	61	19	19	78	62	64	80	56	87	35	59	55	68	39	100	13	19	39	8	25	33	52	95	83	69	10	12	27	89	40	33	57	92	58	49	90	
26	36	100	69	9	93	21	46	4	12	70	21	90	58	16	30	59	50	23	61	4	50	34	6	10	43	71	82	89	87	90	16	25	35	14	71	13	91	56	6	29	85	40	36	54	83	26	85	61	78	
17	83	86	17	93	6	46	44	8	98	75	8	32	57	56	88	7	9	6	21	56	89	90	46	15	49	17	99	50	31	18	47	33	14	94	60	92	67	45	82	85	67	8	51	99	38	70	72	60	21	
29	60	18	15	12	100	27	82	69	71	58	22	79	74	59	48	19	74	13	58	48	25	11	74	32	69	91	42	43	64	91	2	52	71	60	6	9	68	28	11	10	15	67	93	27	16	85	25	53	32	
32	47	20	70	59	53	40	59	53	82	58	66	62	93	54	55	78	11	46	50	27	30	40	95	67	64	76	65	66	100	53	91	95	13	92	9	44	32	89	10	51	98	39	17	9	93	42	66	36	100	
66	98	55	95	10	91	8	92	29	77	27	40	72	23	63	1	91	100	93	62	100	31	25	32	84	6	12	83	20	90	48	42	83	91	67	68	32	49	8	32	52	69	29	91	41	70	70	46	86	34	
78	4	33	52	11	26	30	50	88	47	15	43	99	28	23	35	73	74	38	51	66	34	60	72	73	9	5	20	9	67	9	72	69	56	45	28	89	8	82	54	20	22	82	51	30	51	60	14	49	51	
88	72	59	66	48	89	24	58	93	79	91	80	80	31	36	1	10	82	8	94	81	13	84	60	82	15	3	59	22	30	22	83	10	6	82	11	10	32	54	76	25	66	2	25	47	53	96	53	36	58	
76	39	96	41	39	88	29	58	45	27	69	71	30	27	33	78	30	67	59	27	30	25	41	48	27	59	58	87	68	60	56	50	12	29	85	10	51	52	20	25	73	70	49	15	3	93	71	40	35	100	
20	49	17	11	93	25	78	33	25	32	41	25	87	83	78	25	94	16	38	64	31	7	17	86	21	73	88	85	76	69	94	60	27	85	67	15	98	69	22	66	70	94	80	38	46	5	23	36	40	39	
46	59	96	70	78	34	62	47	45	38	71	99	82	8	37	32	36	35	69	79	54	26	92	10	62	73	6	24	82	41	48	90	89	40	8	67	39	29	82	2	49	80	99	4	72	73	68	28	43	55	
47	87	99	30	20	15	36	100	60	38	48	78	90	44	43	99	7	92	79	6	8	44	1	7	64	59	56	30	73	79	21	95	40	36	51	93	17	91	51	25	15	38	4	77	13	8	12	10	63	6	
14	43	92	14	28	46	25	29	100	14	43	5	4	96	70	28	24	46	80	76	8	27	6	95	48	40	56	19	88	12	88	67	33	54	99	27	9	41	30	47	3	46	72	13	41	58	14	2	36	7	
36	6	96	23	90	53	33	26	62	42	51	47	4	50	17	10	98	59	48	68	18	10	100	60	80	77	4	18	53	95	57	52	57	83	38	16	93	70	51	53	93	5	73	8	58	37	63	25	9	69	
34	32	80	58	57	33	34	57	12	74	21	21	26	20	19	63	3	42	6	18	11	88	28	54	78	61	85	12	56	74	99	98	92	26	70	85	42	70	60	96	71	23	68	12	14	63	51	6	54	52	
17	14	17	51	45	26	15	69	75	86	45	94	94	44	7	51	21	3	18	68	35	90	56	95	33	92	79	45	21	4	16	17	58	85	72	25	66	46	14	53	40	36	28	10	2	25	6	3	28	70	
15	21	99	20	48	1	40	7	78	91	28	26	60	26	46	55	83	56	96	58	78	100	67	38	78	58	85	41	37	100	45	71	49	61	60	53	36	86	49	36	35	40	43	63	36	9	54	28	42	16	
59	56	58	65	35	41	6	62	78	81	38	69	29	79	93	71	48	41	12	23	56	91	2	6	74	91	51	51	76	40	49	72	90	78	21	32	100	34	51	58	100	39	55	6	7	69	52	70	16	70	
