50
1707
31	54	69	71	63	72	51	39	3	68	68	36	23	52	95	40	36	72	71	10	87	21	72	58	82	43	90	96	98	42	12	20	87	93	24	94	20	95	24	77	64	100	54	8	61	99	54	85	28	50	
64	79	30	94	47	74	79	70	10	4	99	1	8	27	82	20	44	5	39	48	74	94	61	59	23	54	40	22	92	34	100	35	12	54	40	56	17	55	70	83	98	40	90	64	67	61	100	61	20	94	
79	41	99	73	92	7	21	79	99	44	9	44	35	29	41	87	89	9	72	75	59	82	94	52	6	56	29	39	34	24	90	25	2	31	99	87	5	6	91	67	27	13	38	58	27	38	42	5	2	56	
30	99	85	58	31	92	67	20	48	28	88	58	3	47	19	22	61	89	67	34	75	67	87	68	68	65	41	92	4	64	18	90	67	76	10	17	5	9	20	98	87	56	26	21	99	1	57	32	7	37	
94	73	58	31	21	33	6	57	62	61	3	8	90	83	57	47	31	84	68	62	68	95	94	10	98	99	34	20	99	27	80	61	5	2	66	61	84	16	2	19	10	69	21	83	17	84	14	32	53	46	
47	92	31	21	10	37	91	14	96	34	16	18	13	65	25	39	90	4	68	70	84	87	77	47	42	19	25	8	29	33	81	31	67	80	99	55	75	30	97	23	66	57	72	46	39	67	42	66	59	35	
74	7	92	33	37	22	64	97	52	41	64	38	14	42	25	18	97	67	2	54	90	93	16	57	17	80	87	64	34	99	84	48	33	73	10	4	51	33	71	73	46	84	3	100	13	44	46	96	74	11	
79	21	67	6	91	64	63	10	61	14	37	21	3	25	53	89	5	98	36	21	66	100	97	48	87	37	92	27	77	34	11	80	20	63	60	98	12	75	4	8	38	10	90	3	92	23	73	89	40	74	
70	79	20	57	14	97	10	51	74	33	60	6	44	41	49	8	49	73	27	2	17	11	1	3	59	29	51	27	7	99	61	12	82	93	9	86	53	37	32	78	8	64	65	43	13	91	14	86	66	16	
10	99	48	62	96	52	61	74	24	28	28	8	90	7	43	55	79	57	77	15	48	94	86	25	66	98	96	47	20	51	2	25	34	38	49	76	40	30	36	91	60	32	55	68	20	66	38	65	61	57	
4	44	28	61	34	41	14	33	28	81	68	30	86	9	86	49	27	78	29	42	87	76	51	68	74	86	23	67	57	54	11	61	87	68	61	6	98	66	96	25	48	31	97	89	97	71	53	55	52	87	
99	9	88	3	16	64	37	60	28	68	12	76	52	60	15	98	21	78	41	36	99	8	90	73	41	92	1	48	45	95	54	44	27	14	56	29	96	56	38	27	97	74	64	90	95	39	99	20	70	36	
1	44	58	8	18	38	21	6	8	30	76	76	4	7	74	78	27	40	97	58	68	88	99	64	81	4	19	79	99	100	79	80	73	2	25	58	39	75	57	92	61	12	19	49	54	18	67	11	63	17	
8	35	3	90	13	14	3	44	90	86	52	4	57	90	9	24	74	40	31	67	93	57	84	19	48	54	7	36	4	66	61	49	4	26	64	77	31	50	92	64	84	47	30	92	16	8	82	26	53	70	
27	29	47	83	65	42	25	41	7	9	60	7	90	1	4	83	36	10	65	99	97	37	56	38	85	46	44	75	63	87	46	55	66	46	10	46	90	68	49	53	59	83	80	71	28	7	31	34	59	86	
82	41	19	57	25	25	53	49	43	86	15	74	9	4	80	40	55	79	57	59	1	16	67	44	75	23	83	40	65	89	27	85	100	14	98	73	98	10	22	77	55	50	50	83	5	51	47	67	96	82	
20	87	22	47	39	18	89	8	55	49	98	78	24	83	40	18	74	27	57	93	86	30	99	33	82	36	42	69	65	23	52	76	17	89	81	26	80	14	49	32	34	42	66	63	2	68	22	15	13	75	
44	89	61	31	90	97	5	49	79	27	21	27	74	36	55	74	6	58	78	44	35	55	19	42	70	79	43	93	74	52	54	94	95	52	77	1	12	13	11	99	31	69	79	98	89	68	62	95	98	86	
5	9	89	84	4	67	98	73	57	78	78	40	40	10	79	27	58	26	88	66	83	40	10	70	12	17	92	81	77	38	87	44	54	81	4	33	22	59	53	38	41	28	73	99	85	85	38	88	69	67	
39	72	67	68	68	2	36	27	77	29	41	97	31	65	57	57	78	88	4	73	45	53	25	49	65	24	87	25	100	94	77	88	92	38	34	8	3	9	5	4	89	28	45	32	74	51	65	50	35	24	
48	75	34	62	70	54	21	2	15	42	36	58	67	99	59	93	44	66	73	42	68	21	12	41	73	89	95	46	9	58	44	24	98	3	35	69	27	55	39	84	32	58	64	43	54	85	44	69	7	13	
74	59	75	68	84	90	66	17	48	87	99	68	93	97	1	86	35	83	45	68	55	41	55	55	18	66	87	26	52	39	49	15	50	5	87	59	53	83	51	13	33	55	86	13	53	92	21	87	72	37	
94	82	67	95	87	93	100	11	94	76	8	88	57	37	16	30	55	40	53	21	41	27	88	17	20	21	55	29	20	63	2	37	87	58	35	92	12	1	22	50	3	100	11	31	81	34	15	99	57	66	
61	94	87	94	77	16	97	1	86	51	90	99	84	56	67	99	19	10	25	12	55	88	29	19	86	56	9	57	5	15	3	24	81	32	60	89	85	32	2	83	95	93	51	27	86	98	95	15	55	96	
59	52	68	10	47	57	48	3	25	68	73	64	19	38	44	33	42	70	49	41	55	17	19	39	8	59	49	48	22	12	30	30	25	71	46	19	34	90	85	89	66	83	40	72	22	67	15	35	37	44	
23	6	68	98	42	17	87	59	66	74	41	81	48	85	75	82	70	12	65	73	18	20	86	8	59	64	10	2	39	15	20	86	94	37	70	26	88	39	100	23	89	61	78	2	69	30	68	32	33	91	
54	56	65	99	19	80	37	29	98	86	92	4	54	46	23	36	79	17	24	89	66	21	56	59	64	91	44	85	26	84	21	39	52	63	67	38	50	4	10	8	34	97	1	51	42	94	30	23	37	5	
40	29	41	34	25	87	92	51	96	23	1	19	7	44	83	42	43	92	87	95	87	55	9	49	10	44	65	16	54	39	2	86	22	8	91	87	81	42	22	72	9	19	78	4	44	2	25	80	96	55	
22	39	92	20	8	64	27	27	47	67	48	79	36	75	40	69	93	81	25	46	26	29	57	48	2	85	16	63	51	61	63	52	83	20	90	55	8	41	97	100	37	95	20	34	46	90	33	98	66	41	
92	34	4	99	29	34	77	7	20	57	45	99	4	63	65	65	74	77	100	9	52	20	5	22	39	26	54	51	71	2	16	35	88	42	45	53	3	63	18	61	37	42	91	39	92	45	76	27	11	41	
34	24	64	27	33	99	34	99	51	54	95	100	66	87	89	23	52	38	94	58	39	63	15	12	15	84	39	61	2	54	60	53	47	46	32	5	16	52	50	32	95	21	29	93	64	10	56	17	63	40	
100	90	18	80	81	84	11	61	2	11	54	79	61	46	27	52	54	87	77	44	49	2	3	30	20	21	2	63	16	60	64	31	36	43	89	81	63	66	52	83	53	56	83	33	74	17	90	86	26	11	
35	25	90	61	31	48	80	12	25	61	44	80	49	55	85	76	94	44	88	24	15	37	24	30	86	39	86	52	35	53	31	19	18	65	83	12	8	5	35	30	18	70	91	63	24	65	97	35	31	83	
12	2	67	5	67	33	20	82	34	87	27	73	4	66	100	17	95	54	92	98	50	87	81	25	94	52	22	83	88	47	36	18	32	51	99	37	54	50	22	59	71	51	39	7	70	60	58	98	32	52	
54	31	76	2	80	73	63	93	38	68	14	2	26	46	14	89	52	81	38	3	5	58	32	71	37	63	8	20	42	46	43	65	51	41	38	68	22	19	82	69	81	54	74	78	73	69	91	25	4	5	
40	99	10	66	99	10	60	9	49	61	56	25	64	10	98	81	77	4	34	35	87	35	60	46	70	67	91	90	45	32	89	83	99	38	11	70	71	23	13	11	88	17	41	100	86	56	44	77	61	50	
56	87	17	61	55	4	98	86	76	6	29	58	77	46	73	26	1	33	8	69	59	92	89	19	26	38	87	55	53	5	81	12	37	68	70	83	72	63	88	66	11	38	96	56	73	1	36	25	11	39	
17	5	5	84	75	51	12	53	40	98	96	39	31	90	98	80	12	22	3	27	53	12	85	34	88	50	81	8	3	16	63	8	54	22	71	72	25	85	42	97	74	21	55	13	9	27	14	80	16	28	
55	6	9	16	30	33	75	37	30	66	56	75	50	68	10	14	13	59	9	55	83	1	32	90	39	4	42	41	63	52	66	5	50	19	23	63	85	23	74	58	55	31	82	84	68	50	22	48	56	37	
70	91	20	2	97	71	4	32	36	96	38	57	92	49	22	49	11	53	5	39	51	22	2	85	100	10	22	97	18	50	52	35	22	82	13	88	42	74	90	51	50	59	80	55	53	87	11	24	56	73	
83	67	98	19	23	73	8	78	91	25	27	92	64	53	77	32	99	38	4	84	13	50	83	89	23	8	72	100	61	32	83	30	59	69	11	66	97	58	51	12	52	78	89	72	78	63	86	97	71	42	
98	27	87	10	66	46	38	8	60	48	97	61	84	59	55	34	31	41	89	32	33	3	95	66	89	34	9	37	37	95	53	18	71	81	88	11	74	55	50	52	45	4	20	1	5	76	59	28	25	19	
40	13	56	69	57	84	10	64	32	31	74	12	47	83	50	42	69	28	28	58	55	100	93	83	61	97	19	95	42	21	56	70	51	54	17	38	21	31	59	78	4	5	41	53	84	100	8	22	15	63	
90	38	26	21	72	3	90	65	55	97	64	19	30	80	50	66	79	73	45	64	86	11	51	40	78	1	78	20	91	29	83	91	39	74	41	96	55	82	80	89	20	41	99	63	61	4	57	92	56	58	
64	58	21	83	46	100	3	43	68	89	90	49	92	71	83	63	98	99	32	43	13	31	27	72	2	51	4	34	39	93	33	63	7	78	100	56	13	84	55	72	1	53	63	61	55	83	45	100	65	39	
67	27	99	17	39	13	92	13	20	97	95	54	16	28	5	2	89	85	74	54	53	81	86	22	69	42	44	46	92	64	74	24	70	73	86	73	9	68	53	78	5	84	61	55	57	65	72	99	4	96	
61	38	1	84	67	44	23	91	66	71	39	18	8	7	51	68	68	85	51	85	92	34	98	67	30	94	2	90	45	10	17	65	60	69	56	1	27	50	87	63	76	100	4	83	65	94	89	14	22	14	
100	42	57	14	42	46	73	14	38	53	99	67	82	31	47	22	62	38	65	44	21	15	95	15	68	30	25	33	76	56	90	97	58	91	44	36	14	22	11	86	59	8	57	45	72	89	99	15	46	100	
61	5	32	32	66	96	89	86	65	55	20	11	26	34	67	15	95	88	50	69	87	99	15	35	32	23	80	98	27	17	86	35	98	25	77	25	80	48	24	97	28	22	92	100	99	14	15	5	63	23	
20	2	7	53	59	74	40	66	61	52	70	63	53	59	96	13	98	69	35	7	72	57	55	37	33	37	96	66	11	63	26	31	32	4	61	11	16	56	56	71	25	15	56	65	4	22	46	63	64	65	
94	56	37	46	35	11	74	16	57	87	36	17	70	86	82	75	86	67	24	13	37	66	96	44	91	5	55	41	41	40	11	83	52	5	50	39	28	37	73	42	19	63	58	39	96	14	100	23	65	70	
