50
1340
90	68	84	73	77	30	75	81	13	100	51	71	100	68	22	50	72	10	91	46	47	54	96	59	23	18	25	26	18	84	29	67	48	20	15	36	42	41	91	58	44	33	45	11	41	33	20	20	10	7	
58	25	17	87	98	70	91	26	48	87	64	35	27	18	61	11	25	77	48	6	23	49	82	29	50	63	88	70	11	95	100	68	96	17	1	93	83	2	58	8	99	46	93	76	34	19	55	86	2	70	
25	80	59	16	67	16	25	49	56	67	36	55	3	75	4	71	8	92	6	52	60	97	74	75	33	82	81	54	6	74	61	47	86	54	3	28	64	93	39	16	5	71	37	16	58	3	33	16	61	79	
17	59	70	24	15	16	32	56	96	93	7	89	36	37	32	36	99	26	57	57	19	72	44	20	43	18	2	26	81	69	32	45	34	42	79	72	3	61	67	46	41	74	71	64	6	36	45	75	55	44	
87	16	24	36	30	14	97	63	79	66	51	56	48	58	31	39	49	95	10	45	14	60	69	65	23	93	27	68	76	19	51	45	42	62	12	62	100	79	60	12	48	75	59	47	92	43	10	88	77	36	
98	67	15	30	54	45	45	26	17	33	79	7	26	90	16	79	53	16	32	95	28	69	61	83	90	70	11	90	60	99	62	91	95	24	43	16	12	9	80	21	65	89	46	17	58	91	45	77	9	16	
70	16	16	14	45	24	47	39	86	83	99	79	100	6	82	82	44	23	34	58	4	23	59	53	79	4	33	4	25	90	53	11	35	92	80	71	73	82	12	5	19	22	100	62	95	68	31	60	60	97	
91	25	32	97	45	47	98	69	51	72	32	47	40	54	100	61	62	97	78	99	68	99	46	70	86	83	93	81	95	7	80	95	56	93	88	82	1	85	76	68	92	83	83	64	59	81	24	3	76	39	
26	49	56	63	26	39	69	57	35	96	59	99	56	52	29	9	99	55	80	91	63	73	43	35	52	19	97	1	92	27	43	76	99	36	66	47	12	28	67	58	50	68	7	15	72	79	16	43	19	88	
48	56	96	79	17	86	51	35	31	22	19	76	82	97	89	3	2	36	54	50	13	50	92	37	16	60	65	69	55	11	31	23	85	56	66	45	32	48	78	14	65	30	20	73	90	44	73	40	74	86	
87	67	93	66	33	83	72	96	22	39	93	53	9	60	47	96	27	69	32	18	35	3	53	46	42	6	62	77	61	1	19	28	40	21	29	58	59	65	67	38	4	99	68	40	80	7	40	32	47	78	
64	36	7	51	79	99	32	59	19	93	79	65	14	19	9	9	4	68	22	9	63	15	54	65	13	29	44	20	47	94	24	91	11	70	71	43	45	78	44	30	4	71	86	48	84	8	99	70	97	27	
35	55	89	56	7	79	47	99	76	53	65	13	35	45	73	65	78	17	45	72	83	32	77	54	20	47	24	63	8	27	51	91	60	99	50	13	88	7	85	39	54	70	46	7	90	68	2	66	5	31	
27	3	36	48	26	100	40	56	82	9	14	35	51	95	36	28	79	14	4	64	11	42	92	62	52	68	60	64	12	76	30	92	4	48	11	33	78	2	46	76	79	76	23	28	95	66	43	53	33	3	
18	75	37	58	90	6	54	52	97	60	19	45	95	80	6	52	87	61	85	32	77	55	42	79	75	37	79	64	46	92	52	55	68	5	14	73	9	71	26	70	96	41	11	78	42	78	53	55	10	47	
61	4	32	31	16	82	100	29	89	47	9	73	36	6	74	18	93	12	97	76	50	93	5	79	57	78	70	64	31	16	32	21	60	82	42	29	36	85	9	79	59	66	40	94	51	22	51	75	64	40	
11	71	36	39	79	82	61	9	3	96	9	65	28	52	18	56	68	46	59	81	10	54	21	43	72	32	32	76	13	38	74	68	70	68	47	77	95	35	27	65	73	3	56	20	66	18	45	85	11	9	
25	8	99	49	53	44	62	99	2	27	4	78	79	87	93	68	51	11	6	96	26	12	41	10	18	14	14	44	79	19	22	3	20	24	75	62	68	33	23	63	48	67	49	21	97	100	11	60	56	84	
77	92	26	95	16	23	97	55	36	69	68	17	14	61	12	46	11	65	96	64	23	83	40	39	31	55	89	60	21	73	1	57	66	75	62	85	76	93	71	72	42	98	52	44	32	28	86	80	54	63	
48	6	57	10	32	34	78	80	54	32	22	45	4	85	97	59	6	96	6	82	98	91	25	61	58	82	45	12	1	22	68	94	11	91	54	100	65	38	15	32	70	28	97	65	28	61	21	29	33	36	
6	52	57	45	95	58	99	91	50	18	9	72	64	32	76	81	96	64	82	89	67	19	32	25	88	80	45	77	12	45	90	86	50	46	75	65	77	19	45	62	92	83	56	81	28	6	35	39	88	47	
23	60	19	14	28	4	68	63	13	35	63	83	11	77	50	10	26	23	98	67	44	65	59	16	14	30	88	80	55	83	92	34	93	22	37	49	3	23	7	66	6	50	7	23	73	46	80	57	76	79	
49	97	72	60	69	23	99	73	50	3	15	32	42	55	93	54	12	83	91	19	65	19	54	8	100	89	25	39	43	79	28	64	80	82	94	28	32	29	32	50	96	21	26	41	29	15	78	100	7	61	
82	74	44	69	61	59	46	43	92	53	54	77	92	42	5	21	41	40	25	32	59	54	62	99	7	11	48	18	84	17	81	70	74	20	51	15	32	21	66	76	64	15	96	38	37	38	19	50	25	36	
29	75	20	65	83	53	70	35	37	46	65	54	62	79	79	43	10	39	61	25	16	8	99	7	67	49	65	33	95	72	11	67	28	25	50	59	6	2	47	45	40	81	36	63	42	20	11	10	54	7	
50	33	43	23	90	79	86	52	16	42	13	20	52	75	57	72	18	31	58	88	14	100	7	67	24	81	76	75	28	42	30	90	90	85	81	93	23	18	95	75	50	3	56	59	61	50	51	79	93	34	
63	82	18	93	70	4	83	19	60	6	29	47	68	37	78	32	14	55	82	80	30	89	11	49	81	8	99	63	94	85	2	25	73	75	78	15	31	76	61	99	51	14	61	67	24	55	64	7	10	37	
88	81	2	27	11	33	93	97	65	62	44	24	60	79	70	32	14	89	45	45	88	25	48	65	76	99	90	12	72	68	10	90	80	83	98	24	28	31	48	56	33	6	16	29	99	92	66	69	11	15	
70	54	26	68	90	4	81	1	69	77	20	63	64	64	64	76	44	60	12	77	80	39	18	33	75	63	12	52	36	45	60	82	65	5	53	26	44	74	74	46	50	64	6	1	65	47	84	88	8	67	
11	6	81	76	60	25	95	92	55	61	47	8	12	46	31	13	79	21	1	12	55	43	84	95	28	94	72	36	61	45	98	66	66	20	11	41	49	55	18	37	66	84	71	24	31	51	42	86	19	5	
95	74	69	19	99	90	7	27	11	1	94	27	76	92	16	38	19	73	22	45	83	79	17	72	42	85	68	45	45	78	38	56	74	24	57	68	39	33	93	6	19	9	94	47	45	82	98	15	99	18	
100	61	32	51	62	53	80	43	31	19	24	51	30	52	32	74	22	1	68	90	92	28	81	11	30	2	10	60	98	38	6	7	22	13	11	20	15	65	7	11	7	76	54	62	74	24	63	72	67	64	
68	47	45	45	91	11	95	76	23	28	91	91	92	55	21	68	3	57	94	86	34	64	70	67	90	25	90	82	66	56	7	94	1	100	11	24	99	8	64	36	37	36	87	20	79	5	7	45	58	81	
96	86	34	42	95	35	56	99	85	40	11	60	4	68	60	70	20	66	11	50	93	80	74	28	90	73	80	65	66	74	22	1	14	88	100	37	74	18	38	17	71	37	40	84	12	55	39	53	90	51	
17	54	42	62	24	92	93	36	56	21	70	99	48	5	82	68	24	75	91	46	22	82	20	25	85	75	83	5	20	24	13	100	88	75	59	60	56	21	45	90	7	66	26	88	14	2	44	68	21	33	
1	3	79	12	43	80	88	66	66	29	71	50	11	14	42	47	75	62	54	75	37	94	51	50	81	78	98	53	11	57	11	11	100	59	8	65	9	54	90	22	9	84	7	57	20	46	15	4	7	92	
93	28	72	62	16	71	82	47	45	58	43	13	33	73	29	77	62	85	100	65	49	28	15	59	93	15	24	26	41	68	20	24	37	60	65	83	41	45	58	85	47	22	51	86	40	49	60	74	63	32	
83	64	3	100	12	73	1	12	32	59	45	88	78	9	36	95	68	76	65	77	3	32	32	6	23	31	28	44	49	39	15	99	74	56	9	41	21	61	5	58	99	68	89	77	83	77	53	48	48	7	
2	93	61	79	9	82	85	28	48	65	78	7	2	71	85	35	33	93	38	19	23	29	21	2	18	76	31	74	55	33	65	8	18	21	54	45	61	4	1	5	88	49	28	9	82	23	44	69	79	66	
58	39	67	60	80	12	76	67	78	67	44	85	46	26	9	27	23	71	15	45	7	32	66	47	95	61	48	74	18	93	7	64	38	45	90	58	5	1	87	54	43	36	21	81	64	89	52	100	30	87	
8	16	46	12	21	5	68	58	14	38	30	39	76	70	79	65	63	72	32	62	66	50	76	45	75	99	56	46	37	6	11	36	17	90	22	85	58	5	54	34	92	70	91	21	45	100	89	15	61	74	
99	5	41	48	65	19	92	50	65	4	4	54	79	96	59	73	48	42	70	92	6	96	64	40	50	51	33	50	66	19	7	37	71	7	9	47	99	88	43	92	26	74	98	47	49	85	59	16	54	15	
46	71	74	75	89	22	83	68	30	99	71	70	76	41	66	3	67	98	28	83	50	21	15	81	3	14	6	64	84	9	76	36	37	66	84	22	68	49	36	70	74	58	6	69	44	80	84	37	89	82	
93	37	71	59	46	100	83	7	20	68	86	46	23	11	40	56	49	52	97	56	7	26	96	36	56	61	16	6	71	94	54	87	40	26	7	51	89	28	21	91	98	6	12	38	93	24	94	82	47	62	
76	16	64	47	17	62	64	15	73	40	48	7	28	78	94	20	21	44	65	81	23	41	38	63	59	67	29	1	24	47	62	20	84	88	57	86	77	9	81	21	47	69	38	62	5	4	73	39	73	92	
34	58	6	92	58	95	59	72	90	80	84	90	95	42	51	66	97	32	28	28	73	29	37	42	61	24	99	65	31	45	74	79	12	14	20	40	83	82	64	45	49	44	93	5	50	28	46	46	14	8	
19	3	36	43	91	68	81	79	44	7	8	68	66	78	22	18	100	28	61	6	46	15	38	20	50	55	92	47	51	82	24	5	55	2	46	49	77	23	89	100	85	80	24	4	28	28	11	84	93	39	
55	33	45	10	45	31	24	16	73	40	99	2	43	53	51	45	11	86	21	35	80	78	19	11	51	64	66	84	42	98	63	7	39	44	15	60	53	44	52	89	59	84	94	73	46	11	50	76	34	8	
86	16	75	88	77	60	3	43	40	32	70	66	53	55	75	85	60	80	29	39	57	100	50	10	79	7	69	88	86	15	72	45	53	68	4	74	48	69	100	15	16	37	82	39	46	84	76	59	4	33	
2	61	55	77	9	60	76	19	74	47	97	5	33	10	64	11	56	54	33	88	76	7	25	54	93	10	11	8	19	99	67	58	90	21	7	63	48	79	30	61	54	89	47	73	14	93	34	4	35	91	
70	79	44	36	16	97	39	88	86	78	27	31	3	47	40	9	84	63	36	47	79	61	36	7	34	37	15	67	5	18	64	81	51	33	92	32	7	66	87	74	15	82	62	92	8	39	8	33	91	72	
