50
1360
55	61	81	64	91	47	71	99	78	55	50	39	7	1	40	31	27	40	47	42	59	84	37	20	82	40	77	54	94	95	44	38	5	53	60	8	79	63	84	66	82	22	71	13	45	17	23	1	11	20	
89	72	74	87	25	82	12	65	89	86	68	46	33	45	56	39	6	49	27	97	55	48	3	52	76	80	3	80	46	20	48	95	81	1	97	84	43	61	45	33	5	46	42	7	53	56	63	26	11	45	
72	65	69	15	22	54	11	74	46	6	99	16	89	84	32	15	75	55	59	9	100	42	41	18	73	9	25	59	58	6	68	74	71	75	3	61	80	25	62	60	27	19	77	8	19	8	37	53	51	66	
74	69	8	69	83	42	34	49	33	96	12	100	44	22	81	76	69	10	22	10	12	100	37	77	21	95	55	69	97	51	12	94	86	69	60	32	69	97	2	33	60	57	94	34	58	89	58	23	1	2	
87	15	69	26	96	16	63	72	54	92	17	47	8	80	84	14	3	35	15	38	60	15	98	67	86	21	22	22	82	69	81	61	19	9	45	62	51	7	19	64	67	88	18	34	41	39	21	24	100	39	
25	22	83	96	34	52	61	9	56	34	68	85	17	99	74	45	9	11	73	48	7	97	41	55	6	7	77	50	44	14	62	44	83	9	79	11	7	19	53	77	52	43	86	84	3	90	45	75	97	19	
82	54	42	16	52	39	65	16	32	98	19	97	44	60	58	43	81	39	87	31	62	78	70	55	13	43	95	95	54	16	87	78	10	79	63	11	85	53	84	51	36	59	64	91	28	79	22	53	4	54	
12	11	34	63	61	65	30	58	48	67	98	90	65	43	99	79	79	100	34	40	17	25	56	4	56	45	68	25	92	82	42	3	31	85	53	54	11	47	23	5	83	98	20	19	57	20	43	20	76	2	
65	74	49	72	9	16	58	77	54	52	39	33	50	56	7	66	77	60	57	96	76	70	94	69	13	86	33	53	33	89	13	13	98	66	65	85	40	25	25	64	27	4	24	71	19	11	73	14	21	18	
89	46	33	54	56	32	48	54	45	99	26	23	16	47	55	45	77	42	18	75	58	91	77	35	90	73	10	22	36	42	65	99	41	76	53	95	35	20	50	31	3	79	72	46	69	68	26	80	61	100	
86	6	96	92	34	98	67	52	99	28	44	84	26	61	36	40	49	52	71	3	35	15	24	91	88	75	51	4	23	20	27	100	13	10	28	64	100	2	54	34	100	86	55	49	46	20	31	27	47	29	
68	99	12	17	68	19	98	39	26	44	5	22	56	89	38	4	44	34	45	11	19	76	33	18	18	79	95	78	20	41	78	54	90	41	78	35	73	10	36	62	8	82	29	11	52	87	87	90	30	30	
46	16	100	47	85	97	90	33	23	84	22	61	58	9	19	21	63	1	1	80	7	70	28	1	19	45	49	90	9	32	28	19	91	33	93	31	2	40	75	24	82	95	46	39	3	49	11	15	11	27	
33	89	44	8	17	44	65	50	16	26	56	58	81	38	68	83	84	97	100	9	98	65	96	53	13	54	41	89	22	63	95	14	3	99	82	57	22	46	79	34	14	89	81	32	40	15	56	32	19	75	
45	84	22	80	99	60	43	56	47	61	89	9	38	9	9	75	51	9	22	21	72	69	67	3	56	8	50	71	20	73	26	49	40	93	10	86	80	61	43	63	91	31	53	82	64	40	29	57	56	5	
56	32	81	84	74	58	99	7	55	36	38	19	68	9	61	66	46	16	86	9	55	83	65	42	50	55	76	30	79	65	80	3	93	41	3	3	1	2	40	40	66	58	59	40	56	62	90	90	37	59	
39	15	76	14	45	43	79	66	45	40	4	21	83	75	66	9	40	76	61	83	61	8	59	21	71	45	91	77	53	12	81	8	72	80	77	81	58	28	51	57	42	84	40	94	6	91	48	66	77	41	
6	75	69	3	9	81	79	77	77	49	44	63	84	51	46	40	67	83	55	13	83	73	27	82	18	43	70	30	98	10	31	45	25	43	77	79	75	100	92	13	74	55	82	9	43	46	56	51	39	34	
49	55	10	35	11	39	100	60	42	52	34	1	97	9	16	76	83	14	86	25	5	94	92	22	47	5	99	10	77	70	12	35	100	7	86	52	43	65	6	11	28	24	27	61	2	97	75	91	5	69	
27	59	22	15	73	87	34	57	18	71	45	1	100	22	86	61	55	86	56	55	85	58	87	48	14	28	35	10	96	82	3	7	18	94	95	86	56	28	98	7	52	23	65	96	8	11	76	72	89	45	
97	9	10	38	48	31	40	96	75	3	11	80	9	21	9	83	13	25	55	100	22	99	7	81	52	33	92	25	58	20	52	11	44	38	44	36	95	30	33	33	91	91	7	64	42	79	70	43	5	70	
55	100	12	60	7	62	17	76	58	35	19	7	98	72	55	61	83	5	85	22	17	87	72	63	72	70	27	69	28	23	2	4	86	100	16	21	59	82	62	9	87	78	94	74	54	58	48	16	72	24	
48	42	100	15	97	78	25	70	91	15	76	70	65	69	83	8	73	94	58	99	87	97	60	98	40	37	88	30	68	1	81	60	30	53	87	95	18	49	44	85	38	83	67	98	28	41	29	89	42	50	
3	41	37	98	41	70	56	94	77	24	33	28	96	67	65	59	27	92	87	7	72	60	44	82	48	15	31	7	61	51	20	65	3	25	35	17	13	38	66	74	88	35	80	79	50	49	20	77	7	53	
52	18	77	67	55	55	4	69	35	91	18	1	53	3	42	21	82	22	48	81	63	98	82	45	40	99	19	9	10	96	36	84	80	66	62	7	64	75	34	95	47	67	40	56	81	67	80	3	18	2	
76	73	21	86	6	13	56	13	90	88	18	19	13	56	50	71	18	47	14	52	72	40	48	40	71	83	57	24	54	92	69	41	50	10	60	33	73	64	54	41	40	41	21	12	88	1	51	50	28	49	
80	9	95	21	7	43	45	86	73	75	79	45	54	8	55	45	43	5	28	33	70	37	15	99	83	11	79	83	45	28	44	55	29	42	20	14	34	57	64	30	38	58	17	90	80	22	52	83	100	63	
3	25	55	22	77	95	68	33	10	51	95	49	41	50	76	91	70	99	35	92	27	88	31	19	57	79	38	34	17	22	98	13	59	32	15	90	76	87	87	58	4	66	69	65	88	22	15	1	82	60	
80	59	69	22	50	95	25	53	22	4	78	90	89	71	30	77	30	10	10	25	69	30	7	9	24	83	34	7	55	84	76	30	70	32	85	53	50	69	80	33	10	8	13	66	45	27	59	75	5	15	
46	58	97	82	44	54	92	33	36	23	20	9	22	20	79	53	98	77	96	58	28	68	61	10	54	45	17	55	32	58	88	24	71	22	50	86	51	99	43	58	14	21	17	54	56	32	3	47	64	22	
20	6	51	69	14	16	82	89	42	20	41	32	63	73	65	12	10	70	82	20	23	1	51	96	92	28	22	84	58	89	40	54	45	39	41	77	87	97	77	43	96	75	82	3	13	80	19	60	7	1	
48	68	12	81	62	87	42	13	65	27	78	28	95	26	80	81	31	12	3	52	2	81	20	36	69	44	98	76	88	40	13	61	10	61	69	35	14	47	55	10	92	87	81	66	33	99	13	61	19	44	
95	74	94	61	44	78	3	13	99	100	54	19	14	49	3	8	45	35	7	11	4	60	65	84	41	55	13	30	24	54	61	84	29	40	7	71	39	38	62	3	57	41	99	12	71	79	38	80	30	99	
81	71	86	19	83	10	31	98	41	13	90	91	3	40	93	72	25	100	18	44	86	30	3	80	50	29	59	70	71	45	10	29	86	9	17	81	37	83	40	74	51	90	8	38	33	17	98	81	79	84	
1	75	69	9	9	79	85	66	76	10	41	33	99	93	41	80	43	7	94	38	100	53	25	66	10	42	32	32	22	39	61	40	9	92	74	10	55	81	87	47	26	25	31	20	84	51	98	89	82	81	
97	3	60	45	79	63	53	65	53	28	78	93	82	10	3	77	77	86	95	44	16	87	35	62	60	20	15	85	50	41	69	7	17	74	84	79	66	53	54	40	8	92	14	92	31	41	49	45	5	47	
84	61	32	62	11	11	54	85	95	64	35	31	57	86	3	81	79	52	86	36	21	95	17	7	33	14	90	53	86	77	35	71	81	10	79	43	98	63	86	3	97	91	64	46	85	86	84	65	63	57	
43	80	69	51	7	85	11	40	35	100	73	2	22	80	1	58	75	43	56	95	59	18	13	64	73	34	76	50	51	87	14	39	37	55	66	98	38	22	79	6	90	22	48	85	10	14	29	30	41	17	
61	25	97	7	19	53	47	25	20	2	10	40	46	61	2	28	100	65	28	30	82	49	38	75	64	57	87	69	99	97	47	38	83	81	53	63	22	75	93	74	64	47	38	100	64	38	11	89	76	90	
45	62	2	19	53	84	23	25	50	54	36	75	79	43	40	51	92	6	98	33	62	44	66	34	54	64	87	80	43	77	55	62	40	87	54	86	79	93	88	15	17	13	78	32	93	61	10	59	9	1	
33	60	33	64	77	51	5	64	31	34	62	24	34	63	40	57	13	11	7	33	9	85	74	95	41	30	58	33	58	43	10	3	74	47	40	3	6	74	15	63	15	56	13	27	70	39	61	78	24	19	
5	27	60	67	52	36	83	27	3	100	8	82	14	91	66	42	74	28	52	91	87	38	88	47	40	38	4	10	14	96	92	57	51	26	8	97	90	64	17	15	24	46	65	4	18	76	65	98	12	29	
46	19	57	88	43	59	98	4	79	86	82	95	89	31	58	84	55	24	23	91	78	83	35	67	41	58	66	8	21	75	87	41	90	25	92	91	22	47	13	56	46	77	29	3	4	83	14	23	24	6	
42	77	94	18	86	64	20	24	72	55	29	46	81	53	59	40	82	27	65	7	94	67	80	40	21	17	69	13	17	82	81	99	8	31	14	64	48	38	78	13	65	29	16	38	70	4	41	23	82	84	
7	8	34	34	84	91	19	71	46	49	11	39	32	82	40	94	9	61	96	64	74	98	79	56	12	90	65	66	54	3	66	12	38	20	92	46	85	100	32	27	4	3	38	47	80	94	7	50	26	65	
53	19	58	41	3	28	57	19	69	46	52	3	40	64	56	6	43	2	8	42	54	28	50	81	88	80	88	45	56	13	33	71	33	84	31	85	10	64	93	70	18	4	70	80	87	92	55	48	32	29	
56	8	89	39	90	79	20	11	68	20	87	49	15	40	62	91	46	97	11	79	58	41	49	67	1	22	22	27	32	80	99	79	17	51	41	86	14	38	61	39	76	83	4	94	92	98	35	2	7	25	
63	37	58	21	45	22	43	73	26	31	87	11	56	29	90	48	56	75	76	70	48	29	20	80	51	52	15	59	3	19	13	38	98	98	49	84	29	11	10	61	65	14	41	7	55	35	51	34	51	66	
26	53	23	24	75	53	20	14	80	27	90	15	32	57	90	66	51	91	72	43	16	89	77	3	50	83	1	75	47	60	61	80	81	89	45	65	30	89	59	78	98	23	23	50	48	2	34	86	14	76	
11	51	1	100	97	4	76	21	61	47	30	11	19	56	37	77	39	5	89	5	72	42	7	18	28	100	82	5	64	7	19	30	79	82	5	63	41	76	9	24	12	24	82	26	32	7	51	14	74	10	
45	66	2	39	19	54	2	18	100	29	30	27	75	5	59	41	34	69	45	70	24	50	53	2	49	63	60	15	22	1	44	99	84	81	47	57	17	90	1	19	29	6	84	65	29	25	66	76	10	89	
