50
1243
85	18	23	67	88	99	55	41	43	82	52	4	32	83	58	28	97	90	2	48	99	50	79	8	32	23	43	73	91	93	5	88	30	73	13	33	33	2	18	1	87	5	42	28	10	13	18	60	45	11	
48	53	50	93	41	19	50	18	5	5	47	43	28	20	55	74	69	63	48	78	100	19	74	13	70	70	78	79	31	6	72	86	44	92	45	51	71	2	25	79	30	45	55	42	15	91	89	89	52	100	
53	53	8	55	46	79	28	40	24	66	63	5	6	54	89	61	15	96	8	18	55	31	99	45	62	79	33	8	87	79	17	43	56	27	17	60	68	9	14	20	97	98	13	66	26	26	15	21	80	85	
50	8	99	12	11	8	77	57	77	53	93	59	92	21	11	100	6	86	71	23	96	30	84	70	44	37	51	77	40	32	22	32	30	35	83	14	18	88	25	89	27	62	67	95	66	36	89	33	31	59	
93	55	12	97	33	3	86	34	11	94	76	22	7	46	89	37	50	12	4	84	25	80	71	29	99	70	95	44	33	1	25	29	88	76	10	16	28	47	79	79	10	3	1	49	11	46	80	35	31	10	
41	46	11	33	79	60	75	73	3	36	13	14	57	79	37	17	50	43	36	78	31	73	93	81	44	3	75	93	24	4	59	57	62	75	38	33	14	75	25	54	10	7	59	23	30	83	60	58	38	26	
19	79	8	3	60	36	52	25	15	25	84	34	18	13	52	72	40	44	62	84	56	25	85	2	26	95	59	19	52	37	52	82	44	52	71	72	15	34	15	14	78	86	77	9	5	16	30	40	24	51	
50	28	77	86	75	52	71	73	59	17	81	48	91	74	54	100	67	53	92	45	28	43	38	23	9	87	87	70	45	44	45	60	3	85	31	95	74	65	96	78	69	28	75	26	78	67	72	42	22	24	
18	40	57	34	73	25	73	11	57	15	60	8	36	41	74	34	52	87	56	22	88	69	91	83	87	54	19	89	83	82	49	49	21	61	73	24	43	57	81	7	98	74	33	44	78	64	20	96	47	89	
5	24	77	11	3	15	59	57	84	8	7	92	17	24	77	63	66	40	27	44	36	43	8	22	4	29	53	69	77	54	49	51	63	19	5	85	16	88	56	63	77	97	18	60	43	43	43	48	6	62	
5	66	53	94	36	25	17	15	8	5	99	97	53	55	67	50	10	26	95	17	33	67	3	51	65	23	32	32	51	26	55	50	79	40	7	20	82	71	5	78	23	60	85	91	94	66	28	64	9	6	
47	63	93	76	13	84	81	60	7	99	74	30	17	56	6	25	68	76	10	53	18	68	38	69	47	10	35	46	2	69	21	46	85	34	38	37	17	8	39	39	12	30	79	12	22	49	26	35	18	80	
43	5	59	22	14	34	48	8	92	97	30	46	10	61	88	15	30	97	24	30	68	56	11	49	82	62	77	70	96	9	45	88	13	77	26	41	36	33	77	39	88	89	57	14	15	77	61	61	30	23	
28	6	92	7	57	18	91	36	17	53	17	10	44	31	46	47	67	6	67	73	66	100	16	25	88	75	4	38	79	62	66	74	50	64	84	2	19	55	76	82	27	78	94	48	23	49	93	84	12	49	
20	54	21	46	79	13	74	41	24	55	56	61	31	60	28	46	2	69	19	45	10	70	63	100	14	70	41	89	70	26	24	15	64	37	79	32	33	62	87	84	88	27	66	68	96	91	92	54	34	5	
55	89	11	89	37	52	54	74	77	67	6	88	46	28	13	53	96	69	21	73	59	72	36	99	20	12	28	37	80	32	17	74	78	61	90	96	26	77	5	70	17	11	12	76	72	54	88	72	21	5	
74	61	100	37	17	72	100	34	63	50	25	15	47	46	53	24	5	73	88	40	87	4	1	19	78	2	32	90	41	85	56	91	93	96	40	49	19	29	8	70	66	62	19	90	56	2	82	74	87	39	
69	15	6	50	50	40	67	52	66	10	68	30	67	2	96	5	54	40	49	72	62	48	18	33	53	13	55	36	92	29	71	75	23	19	20	78	89	20	26	27	47	24	17	13	89	6	30	17	10	72	
63	96	86	12	43	44	53	87	40	26	76	97	6	69	69	73	40	95	63	52	4	45	19	84	56	92	51	55	61	96	72	86	42	72	30	55	73	93	50	23	61	70	87	9	34	32	66	50	48	54	
48	8	71	4	36	62	92	56	27	95	10	24	67	19	21	88	49	63	16	74	57	89	37	23	60	86	75	59	83	95	41	78	55	6	6	78	12	30	57	64	11	46	11	85	47	82	56	52	54	96	
78	18	23	84	78	84	45	22	44	17	53	30	73	45	73	40	72	52	74	28	77	42	59	67	50	99	13	89	28	70	35	40	38	22	90	6	1	79	96	34	30	55	79	70	58	95	62	38	56	57	
100	55	96	25	31	56	28	88	36	33	18	68	66	10	59	87	62	4	57	77	36	76	2	52	86	20	50	2	86	75	85	74	29	54	86	93	14	7	69	31	19	66	62	59	20	48	33	94	30	18	
19	31	30	80	73	25	43	69	43	67	68	56	100	70	72	4	48	45	89	42	76	90	72	3	67	53	64	51	76	9	53	7	46	99	72	69	92	28	1	34	80	10	39	10	58	51	2	54	100	65	
74	99	84	71	93	85	38	91	8	3	38	11	16	63	36	1	18	19	37	59	2	72	92	1	56	62	51	25	8	43	23	75	37	88	19	72	18	5	99	16	86	64	69	19	48	78	50	19	46	42	
13	45	70	29	81	2	23	83	22	51	69	49	25	100	99	19	33	84	23	67	52	3	1	61	49	36	37	52	77	73	89	24	5	86	20	44	12	13	61	47	99	86	52	11	19	52	69	3	82	82	
70	62	44	99	44	26	9	87	4	65	47	82	88	14	20	78	53	56	60	50	86	67	56	49	83	34	3	62	84	38	22	90	92	82	3	52	82	63	29	10	90	63	97	89	100	68	3	13	49	92	
70	79	37	70	3	95	87	54	29	23	10	62	75	70	12	2	13	92	86	99	20	53	62	36	34	24	55	57	15	51	19	93	13	96	61	31	31	47	95	44	90	93	73	57	47	74	83	46	66	22	
78	33	51	95	75	59	87	19	53	32	35	77	4	41	28	32	55	51	75	13	50	64	51	37	3	55	95	2	42	30	58	97	61	15	51	93	3	76	40	4	92	88	81	71	93	98	48	100	18	88	
79	8	77	44	93	19	70	89	69	32	46	70	38	89	37	90	36	55	59	89	2	51	25	52	62	57	2	91	76	42	31	56	32	64	11	47	82	19	72	60	67	5	36	91	86	35	35	91	40	99	
31	87	40	33	24	52	45	83	77	51	2	96	79	70	80	41	92	61	83	28	86	76	8	77	84	15	42	76	62	88	89	50	47	96	76	80	23	43	53	35	97	97	81	6	9	42	99	6	22	11	
6	79	32	1	4	37	44	82	54	26	69	9	62	26	32	85	29	96	95	70	75	9	43	73	38	51	30	42	88	95	24	65	2	51	41	42	89	66	76	25	81	49	48	42	57	88	43	9	82	12	
72	17	22	25	59	52	45	49	49	55	21	45	66	24	17	56	71	72	41	35	85	53	23	89	22	19	58	31	89	24	4	72	4	56	89	24	73	6	12	96	9	16	4	15	57	36	50	24	66	28	
86	43	32	29	57	82	60	49	51	50	46	88	74	15	74	91	75	86	78	40	74	7	75	24	90	93	97	56	50	65	72	44	99	7	82	82	100	39	55	43	69	10	81	47	37	13	34	76	91	67	
44	56	30	88	62	44	3	21	63	79	85	13	50	64	78	93	23	42	55	38	29	46	37	5	92	13	61	32	47	2	4	99	74	30	72	78	40	13	71	54	74	91	13	63	68	70	31	4	58	20	
92	27	35	76	75	52	85	61	19	40	34	77	64	37	61	96	19	72	6	22	54	99	88	86	82	96	15	64	96	51	56	7	30	10	23	34	94	59	3	16	1	11	93	25	65	58	21	38	16	3	
45	17	83	10	38	71	31	73	5	7	38	26	84	79	90	40	20	30	6	90	86	72	19	20	3	61	51	11	76	41	89	82	72	23	46	78	41	15	81	51	22	61	100	60	43	58	7	33	14	89	
51	60	14	16	33	72	95	24	85	20	37	41	2	32	96	49	78	55	78	6	93	69	72	44	52	31	93	47	80	42	24	82	78	34	78	76	90	95	64	98	67	97	78	25	1	28	17	32	83	4	
71	68	18	28	14	15	74	43	16	82	17	36	19	33	26	19	89	73	12	1	14	92	18	12	82	31	3	82	23	89	73	100	40	94	41	90	95	72	25	60	8	20	93	47	25	95	6	6	82	19	
2	9	88	47	75	34	65	57	88	71	8	33	55	62	77	29	20	93	30	79	7	28	5	13	63	47	76	19	43	66	6	39	13	59	15	95	72	64	85	14	13	83	74	81	93	93	45	93	29	79	
25	14	25	79	25	15	96	81	56	5	39	77	76	87	5	8	26	50	57	96	69	1	99	61	29	95	40	72	53	76	12	55	71	3	81	64	25	85	97	35	4	34	95	59	17	96	46	7	5	66	
79	20	89	79	54	14	78	7	63	78	39	39	82	84	70	70	27	23	64	34	31	34	16	47	10	44	4	60	35	25	96	43	54	16	51	98	60	14	35	58	42	2	56	51	14	66	61	31	70	52	
30	97	27	10	10	78	69	98	77	23	12	88	27	88	17	66	47	61	11	30	19	80	86	99	90	90	92	67	97	81	9	69	74	1	22	67	8	13	4	42	70	23	62	25	29	50	21	22	62	31	
45	98	62	3	7	86	28	74	97	60	30	89	78	27	11	62	24	70	46	55	66	10	64	86	63	93	88	5	97	49	16	10	91	11	61	97	20	83	34	2	23	81	76	6	18	10	11	3	29	3	
55	13	67	1	59	77	75	33	18	85	79	57	94	66	12	19	17	87	11	79	62	39	69	52	97	73	81	36	81	48	4	81	13	93	100	78	93	74	95	56	62	76	87	29	95	37	75	68	4	75	
42	66	95	49	23	9	26	44	60	91	12	14	48	68	76	90	13	9	85	70	59	10	19	11	89	57	71	91	6	42	15	47	63	25	60	25	47	81	59	51	25	6	29	6	18	39	82	24	33	30	
15	26	66	11	30	5	78	78	43	94	22	15	23	96	72	56	89	34	47	58	20	58	48	19	100	47	93	86	9	57	57	37	68	65	43	1	25	93	17	14	29	18	95	18	54	36	42	66	63	68	
91	26	36	46	83	16	67	64	43	66	49	77	49	91	54	2	6	32	82	95	48	51	78	52	68	74	98	35	42	88	36	13	70	58	58	28	95	93	96	66	50	10	37	39	36	10	87	17	78	60	
89	15	89	80	60	30	72	20	43	28	26	61	93	92	88	82	30	66	56	62	33	2	50	69	3	83	48	35	99	43	50	34	31	21	7	17	6	45	46	61	21	11	75	82	42	87	60	41	51	66	
89	21	33	35	58	40	42	96	48	64	35	61	84	54	72	74	17	50	52	38	94	54	19	3	13	46	100	91	6	9	24	76	4	38	33	32	6	93	7	31	22	3	68	24	66	17	41	42	56	59	
52	80	31	31	38	24	22	47	6	9	18	30	12	34	21	87	10	48	54	56	30	100	46	82	49	66	18	40	22	82	66	91	58	16	14	83	82	29	5	70	62	29	4	33	63	78	51	56	9	40	
100	85	59	10	26	51	24	89	62	6	80	23	49	5	5	39	72	54	96	57	18	65	42	82	92	22	88	99	11	12	28	67	20	3	89	4	19	79	66	52	31	3	75	30	68	60	66	59	40	45	
