50
1219
19	29	92	56	83	67	26	2	11	55	32	54	100	35	46	65	37	77	75	50	21	3	37	85	50	90	51	29	39	80	58	56	23	48	89	48	80	22	33	94	76	65	57	47	3	18	71	97	43	65	
87	4	30	89	36	67	1	59	34	43	80	88	64	32	61	56	37	72	59	82	83	38	13	4	56	29	88	54	69	40	39	73	91	32	68	33	9	73	44	17	95	64	45	43	9	60	55	61	21	76	
4	79	91	18	48	52	52	8	87	75	79	68	13	47	2	54	87	77	24	31	31	14	33	100	3	46	60	100	10	82	16	33	13	54	61	46	50	81	78	42	90	80	5	87	62	22	99	17	68	40	
30	91	23	6	20	41	44	30	1	8	74	78	74	25	5	11	80	43	33	9	8	53	94	38	77	17	70	92	89	9	13	94	42	45	27	2	24	95	50	69	5	70	47	45	71	62	32	71	77	70	
89	18	6	87	86	91	55	2	24	88	62	65	88	98	14	30	63	52	87	36	65	18	83	89	56	13	9	2	85	22	56	15	47	93	23	61	100	1	76	55	44	28	42	8	56	74	37	89	54	47	
36	48	20	86	98	100	82	45	18	21	11	43	42	32	61	23	20	45	85	37	63	82	62	44	63	65	83	46	87	47	46	11	10	17	85	20	40	78	3	64	6	44	84	82	90	39	92	92	67	6	
67	52	41	91	100	79	100	32	43	29	77	91	15	85	46	40	63	66	88	40	71	23	67	67	23	4	100	93	67	88	96	1	34	15	89	70	52	89	96	76	52	62	69	55	92	78	61	8	60	14	
1	52	44	55	82	100	34	50	11	10	31	88	23	27	74	49	58	41	47	5	22	69	71	43	45	82	51	57	11	9	7	34	56	98	40	25	14	65	58	9	92	68	29	82	80	10	43	68	92	96	
59	8	30	2	45	32	50	74	46	34	88	16	16	3	87	36	6	71	27	91	29	53	11	88	30	61	35	26	17	94	50	49	92	68	74	71	99	68	71	64	85	95	42	31	24	26	44	59	39	99	
34	87	1	24	18	43	11	46	69	60	58	100	23	49	97	21	28	5	82	42	22	11	1	78	27	63	52	70	48	23	30	3	52	91	52	71	12	96	12	53	97	46	61	32	5	34	91	24	44	42	
43	75	8	88	21	29	10	34	60	27	86	29	25	62	55	45	23	66	13	94	21	56	29	94	14	60	7	52	65	88	59	22	1	86	53	63	18	35	9	39	14	60	27	76	76	1	34	41	24	21	
80	79	74	62	11	77	31	88	58	86	73	84	2	30	18	99	62	93	60	5	55	95	96	57	90	55	99	99	4	55	14	54	9	33	30	29	98	59	48	43	89	57	28	31	1	4	95	10	92	38	
88	68	78	65	43	91	88	16	100	29	84	85	64	67	83	30	92	7	2	74	63	29	75	13	89	50	28	73	29	92	93	26	75	15	88	25	51	22	32	99	75	86	68	88	24	56	24	31	19	11	
64	13	74	88	42	15	23	16	23	25	2	64	23	22	1	100	86	55	46	56	68	24	71	52	10	61	87	53	68	31	62	72	83	73	69	83	49	83	35	31	86	72	82	78	78	36	63	59	88	8	
32	47	25	98	32	85	27	3	49	62	30	67	22	28	68	77	26	36	41	4	53	23	16	87	57	57	91	42	45	14	22	9	7	75	68	51	96	12	51	34	85	63	1	86	92	79	93	75	96	2	
61	2	5	14	61	46	74	87	97	55	18	83	1	68	56	83	29	4	48	47	74	3	23	83	94	83	42	76	47	94	97	63	92	31	68	90	79	75	70	58	68	80	34	29	57	87	95	50	71	17	
56	54	11	30	23	40	49	36	21	45	99	30	100	77	83	31	68	34	87	58	97	59	6	86	25	45	37	74	97	60	5	67	20	3	12	21	98	96	50	43	21	65	3	25	79	24	9	47	12	4	
37	87	80	63	20	63	58	6	28	23	62	92	86	26	29	68	63	91	10	43	91	50	41	30	22	97	75	90	99	83	99	23	87	86	32	15	9	25	31	36	80	96	27	97	21	65	73	60	70	19	
72	77	43	52	45	66	41	71	5	66	93	7	55	36	4	34	91	80	94	77	54	9	63	16	83	23	12	20	7	74	36	50	31	93	94	10	91	31	95	50	59	89	29	4	99	55	92	8	63	45	
59	24	33	87	85	88	47	27	82	13	60	2	46	41	48	87	10	94	74	74	54	86	71	26	64	23	98	99	29	79	93	62	22	4	78	58	45	34	61	25	48	43	8	56	42	64	84	89	65	3	
82	31	9	36	37	40	5	91	42	94	5	74	56	4	47	58	43	77	74	6	30	13	82	38	1	8	24	43	29	42	48	49	19	99	95	46	16	14	40	13	25	49	98	46	3	43	10	11	50	72	
83	31	8	65	63	71	22	29	22	21	55	63	68	53	74	97	91	54	54	30	34	24	77	57	3	21	82	20	53	94	72	11	50	83	34	56	82	29	14	85	65	42	83	34	2	63	79	60	35	1	
38	14	53	18	82	23	69	53	11	56	95	29	24	23	3	59	50	9	86	13	24	81	91	2	43	49	62	72	86	11	76	55	11	72	92	43	25	16	99	64	40	60	33	54	49	25	52	2	47	91	
13	33	94	83	62	67	71	11	1	29	96	75	71	16	23	6	41	63	71	82	77	91	93	56	32	87	36	36	12	87	76	57	63	58	90	56	27	52	16	89	48	82	73	3	7	45	91	25	8	100	
4	100	38	89	44	67	43	88	78	94	57	13	52	87	83	86	30	16	26	38	57	2	56	42	50	94	26	57	98	20	15	12	75	44	91	38	74	71	48	69	24	4	13	47	74	77	28	20	8	41	
56	3	77	56	63	23	45	30	27	14	90	89	10	57	94	25	22	83	64	1	3	43	32	50	29	10	35	17	87	80	4	9	82	40	81	7	46	100	58	65	4	43	25	65	77	51	29	89	8	16	
29	46	17	13	65	4	82	61	63	60	55	50	61	57	83	45	97	23	23	8	21	49	87	94	10	1	3	73	23	73	95	21	84	76	46	40	21	5	42	90	6	53	90	45	61	38	57	82	66	12	
88	60	70	9	83	100	51	35	52	7	99	28	87	91	42	37	75	12	98	24	82	62	36	26	35	3	11	4	98	16	75	10	97	96	35	43	60	62	19	14	63	3	78	27	69	88	5	97	64	84	
54	100	92	2	46	93	57	26	70	52	99	73	53	42	76	74	90	20	99	43	20	72	36	57	17	73	4	96	45	100	43	28	70	71	41	81	97	59	66	87	97	52	87	17	89	10	60	21	15	76	
69	10	89	85	87	67	11	17	48	65	4	29	68	45	47	97	99	7	29	29	53	86	12	98	87	23	98	45	30	92	33	80	9	35	63	5	42	31	3	51	5	28	42	79	52	50	83	88	71	58	
40	82	9	22	47	88	9	94	23	88	55	92	31	14	94	60	83	74	79	42	94	11	87	20	80	73	16	100	92	89	76	8	27	10	88	67	66	94	61	94	9	97	26	67	35	75	81	73	12	37	
39	16	13	56	46	96	7	50	30	59	14	93	62	22	97	5	99	36	93	48	72	76	76	15	4	95	75	43	33	76	93	100	33	57	51	6	86	45	77	22	62	1	8	28	24	51	27	8	80	95	
73	33	94	15	11	1	34	49	3	22	54	26	72	9	63	67	23	50	62	49	11	55	57	12	9	21	10	28	80	8	100	63	19	35	50	55	38	82	46	15	95	50	5	16	18	97	57	97	52	18	
91	13	42	47	10	34	56	92	52	1	9	75	83	7	92	20	87	31	22	19	50	11	63	75	82	84	97	70	9	27	33	19	21	85	37	29	14	33	82	31	28	40	6	68	32	38	87	55	79	27	
32	54	45	93	17	15	98	68	91	86	33	15	73	75	31	3	86	93	4	99	83	72	58	44	40	76	96	71	35	10	57	35	85	51	40	40	83	1	54	69	51	43	18	26	64	96	44	9	75	69	
68	61	27	23	85	89	40	74	52	53	30	88	69	68	68	12	32	94	78	95	34	92	90	91	81	46	35	41	63	88	51	50	37	40	22	72	63	57	35	76	59	84	26	84	50	28	5	100	26	59	
33	46	2	61	20	70	25	71	71	63	29	25	83	51	90	21	15	10	58	46	56	43	56	38	7	40	43	81	5	67	6	55	29	40	72	1	75	1	52	89	51	90	77	15	77	84	25	4	63	28	
9	50	24	100	40	52	14	99	12	18	98	51	49	96	79	98	9	91	45	16	82	25	27	74	46	21	60	97	42	66	86	38	14	83	63	75	16	23	52	30	77	68	40	96	81	63	29	77	2	89	
73	81	95	1	78	89	65	68	96	35	59	22	83	12	75	96	25	31	34	14	29	16	52	71	100	5	62	59	31	94	45	82	33	1	57	1	23	95	90	78	97	87	5	30	40	69	82	43	33	100	
44	78	50	76	3	96	58	71	12	9	48	32	35	51	70	50	31	95	61	40	14	99	16	48	58	42	19	66	3	61	77	46	82	54	35	52	52	90	94	53	34	88	83	54	89	88	17	77	58	19	
17	42	69	55	64	76	9	64	53	39	43	99	31	34	58	43	36	50	25	13	85	64	89	69	65	90	14	87	51	94	22	15	31	69	76	89	30	78	53	86	60	43	46	12	18	13	1	34	67	2	
95	90	5	44	6	52	92	85	97	14	89	75	86	85	68	21	80	59	48	25	65	40	48	24	4	6	63	97	5	9	62	95	28	51	59	51	77	97	34	60	91	45	28	26	81	20	77	46	2	6	
64	80	70	28	44	62	68	95	46	60	57	86	72	63	80	65	96	89	43	49	42	60	82	4	43	53	3	52	28	97	1	50	40	43	84	90	68	87	88	43	45	51	52	81	53	2	98	34	16	73	
45	5	47	42	84	69	29	42	61	27	28	68	82	1	34	3	27	29	8	98	83	33	73	13	25	90	78	87	42	26	8	5	6	18	26	77	40	5	83	46	28	52	88	42	28	80	63	71	69	67	
43	87	45	8	82	55	82	31	32	76	31	88	78	86	29	25	97	4	56	46	34	54	3	47	65	45	27	17	79	67	28	16	68	26	84	15	96	30	54	12	26	81	42	6	50	85	90	66	66	55	
9	62	71	56	90	92	80	24	5	76	1	24	78	92	57	79	21	99	42	3	2	49	7	74	77	61	69	89	52	35	24	18	32	64	50	77	81	40	89	18	81	53	28	50	76	61	14	42	71	8	
60	22	62	74	39	78	10	26	34	1	4	56	36	79	87	24	65	55	64	43	63	25	45	77	51	38	88	10	50	75	51	97	38	96	28	84	63	69	88	13	20	2	80	85	61	19	95	30	15	50	
55	99	32	37	92	61	43	44	91	34	95	24	63	93	95	9	73	92	84	10	79	52	91	28	29	57	5	60	83	81	27	57	87	44	5	25	29	82	17	1	77	98	63	90	14	95	45	53	83	85	
61	17	71	89	92	8	68	59	24	41	10	31	59	75	50	47	60	8	89	11	60	2	25	20	89	82	97	21	88	73	8	97	55	9	100	4	77	43	77	34	46	34	71	66	42	30	53	57	29	35	
21	68	77	54	67	60	92	39	44	24	92	19	88	96	71	12	70	63	65	50	35	47	8	8	8	66	64	15	71	12	80	52	79	75	26	63	2	33	58	67	2	16	69	66	71	15	83	29	31	4	
76	40	70	47	6	14	96	99	42	21	38	11	8	2	17	4	19	45	3	72	1	91	100	41	16	12	84	76	58	37	95	18	27	69	59	28	89	100	19	2	6	73	67	55	8	50	85	35	4	79	
