50
1405
10	95	49	24	77	76	61	45	86	8	47	25	9	38	70	80	1	5	55	23	45	7	38	18	53	92	8	44	68	96	57	42	95	73	59	73	83	47	85	54	13	21	54	68	43	38	52	14	50	54	
60	85	14	53	83	63	65	3	36	97	91	43	43	70	50	31	54	29	54	18	97	15	41	69	18	34	45	55	42	25	81	15	42	45	10	84	12	100	1	25	95	16	30	97	67	27	44	72	20	17	
85	44	67	35	30	31	88	59	40	47	98	83	48	55	34	3	65	15	63	90	71	74	54	6	26	56	40	69	33	74	94	57	67	83	67	10	93	75	47	69	39	15	2	8	7	94	27	3	84	88	
14	67	44	60	75	83	49	78	28	97	63	57	31	42	61	74	13	37	29	93	57	1	17	5	62	6	66	10	86	5	57	92	25	3	32	83	39	22	48	80	4	2	33	79	52	43	57	80	80	40	
53	35	60	11	67	7	70	66	29	28	31	82	99	32	70	54	15	67	18	35	94	53	80	40	75	47	3	87	3	26	25	48	70	65	96	34	28	83	71	70	55	69	56	84	55	65	37	22	90	19	
83	30	75	67	1	40	77	7	68	11	45	14	65	46	86	18	1	99	93	81	64	63	38	10	33	58	63	75	39	40	19	24	89	62	68	49	73	7	4	54	15	34	90	58	49	2	22	46	66	43	
63	31	83	7	40	80	97	31	5	73	63	94	82	82	89	83	38	43	43	23	12	62	7	52	84	38	27	34	29	78	29	20	87	91	33	74	34	25	96	73	77	55	57	92	39	50	46	95	26	19	
65	88	49	70	77	97	63	61	34	69	99	67	82	55	29	62	59	80	41	76	75	38	11	38	22	21	86	97	29	50	28	88	56	91	71	35	28	87	71	21	57	38	12	93	18	41	50	74	88	67	
3	59	78	66	7	31	61	91	78	30	1	12	58	13	13	28	14	100	42	96	36	100	9	52	61	96	56	41	40	9	17	21	51	53	30	29	57	40	88	98	87	96	30	49	64	2	17	16	61	26	
36	40	28	29	68	5	34	78	72	94	1	24	60	4	48	83	21	59	14	95	15	25	30	15	81	36	63	44	86	16	76	37	94	14	95	61	25	25	9	4	84	31	14	36	71	44	48	88	74	53	
97	47	97	28	11	73	69	30	94	97	90	75	3	5	65	33	72	87	98	29	2	48	62	21	17	83	82	42	14	24	64	82	69	47	3	9	100	52	66	74	11	21	61	70	89	38	72	7	64	47	
91	98	63	31	45	63	99	1	1	90	31	91	40	29	94	42	94	75	46	90	43	95	3	87	38	72	44	77	72	37	35	12	80	74	14	53	16	15	36	57	50	98	25	93	9	99	69	62	59	44	
43	83	57	82	14	94	67	12	24	75	91	78	34	10	67	57	48	41	14	71	48	82	6	26	58	9	33	86	83	14	5	27	62	73	78	87	65	59	89	61	35	41	47	13	17	85	7	85	65	57	
43	48	31	99	65	82	82	58	60	3	40	34	68	54	45	94	20	80	40	42	2	73	100	40	75	86	81	68	61	1	45	28	10	77	66	7	70	5	37	30	25	91	49	48	71	55	38	35	66	36	
70	55	42	32	46	82	55	13	4	5	29	10	54	62	48	59	67	82	54	2	49	74	41	7	39	81	42	55	63	33	73	15	83	31	88	56	56	31	63	51	100	98	6	56	60	13	51	96	70	73	
50	34	61	70	86	89	29	13	48	65	94	67	45	48	4	41	47	62	62	90	12	7	86	66	16	54	55	68	87	82	6	33	98	5	56	28	9	6	99	37	78	83	65	39	17	30	41	85	57	60	
31	3	74	54	18	83	62	28	83	33	42	57	94	59	41	25	82	55	60	94	69	3	86	58	96	33	33	19	46	25	52	19	18	95	50	37	43	11	41	47	78	93	92	80	37	85	97	22	89	36	
54	65	13	15	1	38	59	14	21	72	94	48	20	67	47	82	40	37	100	87	86	34	65	46	37	1	12	31	43	54	95	73	81	52	15	86	73	95	90	1	2	18	8	34	36	44	66	32	100	27	
29	15	37	67	99	43	80	100	59	87	75	41	80	82	62	55	37	59	84	56	63	77	48	20	94	69	30	44	18	55	59	34	99	33	15	16	42	45	30	26	78	33	10	28	24	82	79	16	48	87	
54	63	29	18	93	43	41	42	14	98	46	14	40	54	62	60	100	84	80	36	86	1	90	52	88	22	95	55	47	59	11	38	58	35	8	47	66	29	2	20	25	5	19	62	95	12	81	72	42	44	
18	90	93	35	81	23	76	96	95	29	90	71	42	2	90	94	87	56	36	40	32	48	51	66	31	11	57	63	6	54	42	85	62	62	44	71	42	53	40	18	41	37	57	82	55	5	1	77	35	81	
97	71	57	94	64	12	75	36	15	2	43	48	2	49	12	69	86	63	86	32	20	96	51	20	84	59	39	66	39	57	92	72	58	54	20	64	24	83	51	1	90	95	50	75	6	94	86	56	79	26	
15	74	1	53	63	62	38	100	25	48	95	82	73	74	7	3	34	77	1	48	96	16	19	81	14	58	88	86	57	51	69	42	86	82	22	70	42	48	74	66	98	43	46	19	100	100	21	68	90	27	
41	54	17	80	38	7	11	9	30	62	3	6	100	41	86	86	65	48	90	51	51	19	87	48	62	28	73	61	39	4	40	28	7	1	8	6	2	18	66	56	46	91	19	88	28	49	24	52	56	79	
69	6	5	40	10	52	38	52	15	21	87	26	40	7	66	58	46	20	52	66	20	81	48	53	75	47	71	39	84	22	47	38	54	52	77	56	32	99	27	41	65	23	46	72	13	36	25	32	50	61	
18	26	62	75	33	84	22	61	81	17	38	58	75	39	16	96	37	94	88	31	84	14	62	75	94	59	51	37	53	45	46	1	69	80	79	99	93	29	12	33	46	17	81	98	79	56	55	97	53	6	
34	56	6	47	58	38	21	96	36	83	72	9	86	81	54	33	1	69	22	11	59	58	28	47	59	3	81	98	69	21	61	81	66	47	62	95	44	45	56	89	84	10	88	32	59	45	25	1	55	45	
45	40	66	3	63	27	86	56	63	82	44	33	81	42	55	33	12	30	95	57	39	88	73	71	51	81	30	100	52	1	50	20	47	9	81	37	93	20	6	74	62	80	43	39	85	70	13	100	88	70	
55	69	10	87	75	34	97	41	44	42	77	86	68	55	68	19	31	44	55	63	66	86	61	39	37	98	100	36	6	38	88	79	77	18	49	8	43	15	4	28	15	91	20	90	57	24	11	83	33	62	
42	33	86	3	39	29	29	40	86	14	72	83	61	63	87	46	43	18	47	6	39	57	39	84	53	69	52	6	73	20	61	76	71	68	58	92	51	23	66	8	45	77	41	37	85	10	87	57	84	44	
25	74	5	26	40	78	50	9	16	24	37	14	1	33	82	25	54	55	59	54	57	51	4	22	45	21	1	38	20	35	24	17	65	73	51	27	24	99	86	61	37	23	56	18	51	1	1	79	78	42	
81	94	57	25	19	29	28	17	76	64	35	5	45	73	6	52	95	59	11	42	92	69	40	47	46	61	50	88	61	24	10	61	45	65	11	51	75	75	31	60	30	94	35	90	81	5	48	27	17	91	
15	57	92	48	24	20	88	21	37	82	12	27	28	15	33	19	73	34	38	85	72	42	28	38	1	81	20	79	76	17	61	85	22	88	9	45	75	5	61	37	97	54	20	42	18	58	22	20	95	42	
42	67	25	70	89	87	56	51	94	69	80	62	10	83	98	18	81	99	58	62	58	86	7	54	69	66	47	77	71	65	45	22	74	22	52	80	100	21	72	95	99	46	95	65	86	80	87	86	55	50	
45	83	3	65	62	91	91	53	14	47	74	73	77	31	5	95	52	33	35	62	54	82	1	52	80	47	9	18	68	73	65	88	22	75	81	93	28	15	43	20	85	40	62	37	27	13	17	83	23	53	
10	67	32	96	68	33	71	30	95	3	14	78	66	88	56	50	15	15	8	44	20	22	8	77	79	62	81	49	58	51	11	9	52	81	80	86	68	36	41	77	20	66	98	81	75	99	25	44	10	10	
84	10	83	34	49	74	35	29	61	9	53	87	7	56	28	37	86	16	47	71	64	70	6	56	99	95	37	8	92	27	51	45	80	93	86	45	26	28	72	18	25	13	59	84	56	81	92	48	42	21	
12	93	39	28	73	34	28	57	25	100	16	65	70	56	9	43	73	42	66	42	24	42	2	32	93	44	93	43	51	24	75	75	100	28	68	26	3	83	34	93	66	11	65	31	93	20	77	30	31	49	
100	75	22	83	7	25	87	40	25	52	15	59	5	31	6	11	95	45	29	53	83	48	18	99	29	45	20	15	23	99	75	5	21	15	36	28	83	18	99	40	96	79	27	59	95	1	8	54	38	90	
1	47	48	71	4	96	71	88	9	66	36	89	37	63	99	41	90	30	2	40	51	74	66	27	12	56	6	4	66	86	31	61	72	43	41	72	34	99	43	91	61	4	16	66	43	38	99	47	63	8	
25	69	80	70	54	73	21	98	4	74	57	61	30	51	37	47	1	26	20	18	1	66	56	41	33	89	74	28	8	61	60	37	95	20	77	18	93	40	91	30	72	34	34	77	92	79	56	27	90	74	
95	39	4	55	15	77	57	87	84	11	50	35	25	100	78	78	2	78	25	41	90	98	46	65	46	84	62	15	45	37	30	97	99	85	20	25	66	96	61	72	23	58	84	19	1	74	77	56	25	78	
16	15	2	69	34	55	38	96	31	21	98	41	91	98	83	93	18	33	5	37	95	43	91	23	17	10	80	91	77	23	94	54	46	40	66	13	11	79	4	34	58	34	67	4	49	20	40	45	92	21	
30	2	33	56	90	57	12	30	14	61	25	47	49	6	65	92	8	10	19	57	50	46	19	46	81	88	43	20	41	56	35	20	95	62	98	59	65	27	16	34	84	67	67	65	14	69	73	86	54	93	
97	8	79	84	58	92	93	49	36	70	93	13	48	56	39	80	34	28	62	82	75	19	88	72	98	32	39	90	37	18	90	42	65	37	81	84	31	59	66	77	19	4	65	27	33	3	97	28	46	12	
67	7	52	55	49	39	18	64	71	89	9	17	71	60	17	37	36	24	95	55	6	100	28	13	79	59	85	57	85	51	81	18	86	27	75	56	93	95	43	92	1	49	14	33	12	68	64	70	66	74	
27	94	43	65	2	50	41	2	44	38	99	85	55	13	30	85	44	82	12	5	94	100	49	36	56	45	70	24	10	1	5	58	80	13	99	81	20	1	38	79	74	20	69	3	68	12	8	5	27	60	
44	27	57	37	22	46	50	17	48	72	69	7	38	51	41	97	66	79	81	1	86	21	24	25	55	25	13	11	87	1	48	22	87	17	25	92	77	8	99	56	77	40	73	97	64	8	63	19	62	4	
72	3	80	22	46	95	74	16	88	7	62	85	35	96	85	22	32	16	72	77	56	68	52	32	97	1	100	83	57	79	27	20	86	83	44	48	30	54	47	27	56	45	86	28	70	5	19	69	86	53	
20	84	80	90	66	26	88	61	74	64	59	65	66	70	57	89	100	48	42	35	79	90	56	50	53	55	88	33	84	78	17	95	55	23	10	42	31	38	63	90	25	92	54	46	66	27	62	86	100	81	
17	88	40	19	43	19	67	26	53	47	44	57	36	73	60	36	27	87	44	81	26	27	79	61	6	45	70	62	44	42	91	42	50	53	10	21	49	90	8	74	78	21	93	12	74	60	4	53	81	46	
