50
1221
22	28	63	39	1	21	79	97	79	85	3	51	65	72	39	21	83	4	87	96	15	26	12	80	48	94	91	68	1	75	22	14	92	54	15	69	38	98	40	85	46	46	57	92	47	31	74	28	18	7	
88	6	37	36	49	4	68	90	74	88	43	38	97	64	25	6	51	77	67	30	34	49	4	59	79	9	13	47	36	62	82	41	27	41	61	38	47	8	2	54	28	71	11	92	81	85	47	45	43	3	
6	5	45	88	63	63	29	85	76	77	44	40	66	62	100	95	95	53	21	74	38	25	12	42	82	85	58	31	63	82	34	27	99	50	67	6	5	44	98	63	63	63	94	36	4	52	42	99	99	13	
37	45	6	72	24	67	75	4	15	43	99	7	8	22	89	74	88	5	29	26	13	35	89	65	63	32	31	2	97	1	67	40	47	35	98	14	94	29	83	3	56	100	13	50	79	20	44	64	41	20	
36	88	72	60	73	45	47	22	8	27	6	3	44	30	70	90	65	100	52	3	75	29	79	39	19	84	9	74	5	89	99	66	45	53	49	84	94	2	44	93	87	25	57	53	63	59	46	59	100	93	
49	63	24	73	91	34	53	50	26	65	43	81	94	75	73	14	74	29	5	61	27	98	47	29	74	88	10	76	36	11	5	60	69	94	93	28	36	71	97	70	49	94	57	42	68	74	98	30	55	20	
4	63	67	45	34	34	3	37	8	43	70	57	77	66	27	86	79	15	96	22	67	44	62	48	15	34	7	79	25	25	77	20	7	10	18	41	49	6	85	78	51	25	18	66	44	55	23	26	74	72	
68	29	75	47	53	3	53	6	18	5	54	61	49	63	57	42	62	83	92	50	6	99	80	8	90	76	88	52	37	88	63	57	27	14	55	88	100	90	67	34	8	70	74	23	1	82	36	76	88	18	
90	85	4	22	50	37	6	38	28	65	54	26	79	62	99	21	31	95	25	80	5	74	85	74	59	4	42	11	93	28	24	78	32	68	86	89	78	10	40	39	9	49	18	87	40	72	64	17	46	50	
74	76	15	8	26	8	18	28	96	83	24	14	81	95	1	5	7	17	62	7	34	97	46	64	6	85	52	89	96	79	56	94	79	23	21	100	78	14	25	51	100	39	65	23	11	11	58	11	88	79	
88	77	43	27	65	43	5	65	83	57	78	16	87	23	10	23	79	79	77	10	60	55	46	18	68	89	16	48	36	53	86	1	99	80	24	81	83	71	39	80	44	78	32	45	39	74	74	78	74	18	
43	44	99	6	43	70	54	54	24	78	86	84	83	52	19	43	87	25	54	20	13	16	65	14	68	50	16	66	24	40	87	40	80	46	82	96	68	44	38	46	19	37	45	45	70	15	20	8	44	17	
38	40	7	3	81	57	61	26	14	16	84	76	91	100	9	97	100	41	36	96	50	24	95	21	95	37	12	6	9	74	79	50	5	86	80	76	69	20	3	82	16	91	60	12	99	14	87	87	23	79	
97	66	8	44	94	77	49	79	81	87	83	91	54	45	96	84	79	74	95	35	65	2	34	23	69	86	23	76	68	61	59	44	83	3	90	9	78	74	23	69	27	49	19	3	25	20	24	90	18	97	
64	62	22	30	75	66	63	62	95	23	52	100	45	87	69	69	59	82	1	45	46	97	73	5	90	4	69	29	67	49	99	41	50	75	17	7	98	57	51	49	86	20	66	58	24	9	4	23	57	75	
25	100	89	70	73	27	57	99	1	10	19	9	96	69	76	33	8	77	61	17	95	47	37	92	22	94	87	1	19	53	22	43	34	83	3	28	50	23	31	57	12	28	27	32	29	72	38	78	62	51	
6	95	74	90	14	86	42	21	5	23	43	97	84	69	33	23	61	39	83	13	24	76	72	54	83	62	60	96	96	92	69	95	96	9	21	54	46	6	57	99	70	65	21	40	28	25	74	67	70	7	
51	95	88	65	74	79	62	31	7	79	87	100	79	59	8	61	65	10	79	58	38	61	41	6	76	4	29	46	98	54	46	42	48	56	62	54	91	87	87	5	2	84	18	48	35	21	48	71	89	51	
77	53	5	100	29	15	83	95	17	79	25	41	74	82	77	39	10	96	72	69	90	30	45	79	27	20	61	26	83	79	1	88	17	12	69	52	53	93	56	90	71	84	28	25	54	83	6	81	10	56	
67	21	29	52	5	96	92	25	62	77	54	36	95	1	61	83	79	72	48	38	31	3	98	67	74	86	1	55	9	78	22	47	12	91	44	73	90	99	36	90	71	90	28	27	27	39	9	86	15	44	
30	74	26	3	61	22	50	80	7	10	20	96	35	45	17	13	58	69	38	43	16	94	82	15	63	10	77	76	78	46	28	73	84	87	41	77	3	36	45	70	47	5	100	69	50	45	68	8	29	100	
34	38	13	75	27	67	6	5	34	60	13	50	65	46	95	24	38	90	31	16	72	96	21	73	71	83	8	90	47	36	15	87	96	86	83	46	97	54	2	79	50	16	96	64	35	84	81	53	65	100	
49	25	35	29	98	44	99	74	97	55	16	24	2	97	47	76	61	30	3	94	96	99	93	93	64	37	60	81	83	87	50	23	94	80	24	2	22	16	34	41	62	62	31	98	87	11	29	71	78	97	
4	12	89	79	47	62	80	85	46	46	65	95	34	73	37	72	41	45	98	82	21	93	80	4	7	3	75	47	29	74	14	7	70	49	44	87	7	79	93	27	77	3	2	98	96	70	52	33	41	18	
59	42	65	39	29	48	8	74	64	18	14	21	23	5	92	54	6	79	67	15	73	93	4	18	46	73	74	30	1	81	88	96	34	7	80	66	3	43	72	38	26	7	75	76	27	31	10	23	94	38	
79	82	63	19	74	15	90	59	6	68	68	95	69	90	22	83	76	27	74	63	71	64	7	46	25	97	68	29	83	3	30	24	79	25	78	77	96	52	33	86	91	35	8	27	24	29	71	26	68	5	
9	85	32	84	88	34	76	4	85	89	50	37	86	4	94	62	4	20	86	10	83	37	3	73	97	42	68	9	62	59	84	17	44	39	91	27	99	44	9	90	7	69	8	14	6	81	87	75	19	7	
13	58	31	9	10	7	88	42	52	16	16	12	23	69	87	60	29	61	1	77	8	60	75	74	68	68	91	93	24	10	20	80	24	70	7	51	29	50	1	5	32	74	60	92	17	69	52	63	39	39	
47	31	2	74	76	79	52	11	89	48	66	6	76	29	1	96	46	26	55	76	90	81	47	30	29	9	93	58	86	45	64	86	58	54	63	45	67	54	9	58	99	57	86	67	88	21	16	63	81	74	
36	63	97	5	36	25	37	93	96	36	24	9	68	67	19	96	98	83	9	78	47	83	29	1	83	62	24	86	52	79	32	47	47	25	16	53	43	21	87	44	32	71	20	54	82	49	90	43	12	42	
62	82	1	89	11	25	88	28	79	53	40	74	61	49	53	92	54	79	78	46	36	87	74	81	3	59	10	45	79	70	69	32	73	54	10	36	52	4	49	70	100	51	32	57	54	12	90	73	63	93	
82	34	67	99	5	77	63	24	56	86	87	79	59	99	22	69	46	1	22	28	15	50	14	88	30	84	20	64	32	69	70	18	47	96	49	83	70	29	53	1	89	23	18	15	86	30	96	83	7	39	
41	27	40	66	60	20	57	78	94	1	40	50	44	41	43	95	42	88	47	73	87	23	7	96	24	17	80	86	47	32	18	51	3	32	19	13	68	97	37	54	41	52	18	57	25	79	43	87	43	17	
27	99	47	45	69	7	27	32	79	99	80	5	83	50	34	96	48	17	12	84	96	94	70	34	79	44	24	58	47	73	47	3	14	95	66	69	13	83	2	85	80	58	15	51	6	17	54	39	11	57	
41	50	35	53	94	10	14	68	23	80	46	86	3	75	83	9	56	12	91	87	86	80	49	7	25	39	70	54	25	54	96	32	95	42	67	35	91	21	85	30	99	14	9	54	7	68	2	25	3	4	
61	67	98	49	93	18	55	86	21	24	82	80	90	17	3	21	62	69	44	41	83	24	44	80	78	91	7	63	16	10	49	19	66	67	72	44	62	63	27	64	27	85	91	21	34	8	9	14	40	48	
38	6	14	84	28	41	88	89	100	81	96	76	9	7	28	54	54	52	73	77	46	2	87	66	77	27	51	45	53	36	83	13	69	35	44	62	82	99	37	25	38	10	19	98	12	55	77	8	80	49	
47	5	94	94	36	49	100	78	78	83	68	69	78	98	50	46	91	53	90	3	97	22	7	3	96	99	29	67	43	52	70	68	13	91	62	82	60	85	43	88	40	54	39	34	59	79	42	16	82	91	
8	44	29	2	71	6	90	10	14	71	44	20	74	57	23	6	87	93	99	36	54	16	79	43	52	44	50	54	21	4	29	97	83	21	63	99	85	13	32	38	46	17	8	42	12	43	22	11	5	51	
2	98	83	44	97	85	67	40	25	39	38	3	23	51	31	57	87	56	36	45	2	34	93	72	33	9	1	9	87	49	53	37	2	85	27	37	43	32	3	48	22	93	60	64	20	62	92	86	47	55	
54	63	3	93	70	78	34	39	51	80	46	82	69	49	57	99	5	90	90	70	79	41	27	38	86	90	5	58	44	70	1	54	85	30	64	25	88	38	48	97	71	56	76	16	36	10	10	33	65	75	
28	63	56	87	49	51	8	9	100	44	19	16	27	86	12	70	2	71	71	47	50	62	77	26	91	7	32	99	32	100	89	41	80	99	27	38	40	46	22	71	20	53	69	98	15	57	94	55	18	72	
71	63	100	25	94	25	70	49	39	78	37	91	49	20	28	65	84	84	90	5	16	62	3	7	35	69	74	57	71	51	23	52	58	14	85	10	54	17	93	56	53	68	87	1	18	51	16	94	51	1	
11	94	13	57	57	18	74	18	65	32	45	60	19	66	27	21	18	28	28	100	96	31	2	75	8	8	60	86	20	32	18	18	15	9	91	19	39	8	60	76	69	87	11	97	71	38	18	79	77	33	
92	36	50	53	42	66	23	87	23	45	45	12	3	58	32	40	48	25	27	69	64	98	98	76	27	14	92	67	54	57	15	57	51	54	21	98	34	42	64	16	98	1	97	46	49	2	49	8	36	11	
81	4	79	63	68	44	1	40	11	39	70	99	25	24	29	28	35	54	27	50	35	87	96	27	24	6	17	88	82	54	86	25	6	7	34	12	59	12	20	36	15	18	71	49	38	11	47	61	16	68	
85	52	20	59	74	55	82	72	11	74	15	14	20	9	72	25	21	83	39	45	84	11	70	31	29	81	69	21	49	12	30	79	17	68	8	55	79	43	62	10	57	51	38	2	11	34	71	31	6	86	
47	42	44	46	98	23	36	64	58	74	20	87	24	4	38	74	48	6	9	68	81	29	52	10	71	87	52	16	90	90	96	43	54	2	9	77	42	22	92	10	94	16	18	49	47	71	24	1	51	51	
45	99	64	59	30	26	76	17	11	78	8	87	90	23	78	67	71	81	86	8	53	71	33	23	26	75	63	63	43	73	83	87	39	25	14	8	16	11	86	33	55	94	79	8	61	31	1	75	98	70	
43	99	41	100	55	74	88	46	88	74	44	23	18	57	62	70	89	10	15	29	65	78	41	94	68	19	39	81	12	63	7	43	11	3	40	80	82	5	47	65	18	51	77	36	16	6	51	98	38	24	
3	13	20	93	20	72	18	50	79	18	17	79	97	75	51	7	51	56	44	100	100	97	18	38	5	7	39	74	42	93	39	17	57	4	48	49	91	51	55	75	72	1	33	11	68	86	51	70	24	29	
