50
1168
84	49	5	46	5	44	92	83	43	54	43	36	3	83	59	80	57	68	94	50	45	56	22	53	56	94	40	55	28	53	23	70	9	80	49	9	21	45	72	100	70	19	19	43	98	5	41	45	35	96	
25	42	86	81	4	97	71	16	64	5	50	93	81	38	85	68	86	66	26	89	16	68	34	4	56	95	92	77	90	34	67	44	50	26	3	12	66	15	37	37	20	76	38	51	28	17	35	10	41	48	
42	41	67	38	83	57	73	34	57	97	21	72	69	72	37	56	45	57	85	26	43	28	76	29	69	19	44	30	27	49	37	55	72	46	27	20	29	14	95	39	88	25	64	8	36	56	8	64	34	50	
86	67	98	7	89	45	2	96	55	82	26	72	98	22	40	23	90	13	63	47	3	51	97	10	1	14	36	81	6	94	75	89	96	41	85	41	35	13	47	63	92	22	12	71	22	31	43	90	77	80	
81	38	7	26	71	75	33	43	76	12	37	40	27	80	38	10	94	57	85	29	11	84	44	46	92	7	20	29	80	33	43	12	58	47	30	64	43	77	81	22	20	43	67	52	48	25	100	57	23	99	
4	83	89	71	59	53	96	47	100	58	77	56	90	60	17	29	25	47	51	35	13	64	91	26	45	75	12	59	90	32	100	18	37	29	72	78	27	12	49	7	30	49	44	81	1	72	82	65	37	11	
97	57	45	75	53	61	88	87	4	60	48	54	71	52	73	85	20	28	82	11	67	12	89	32	74	14	75	41	26	68	49	22	55	35	89	21	33	28	88	97	85	78	41	93	7	85	79	26	78	53	
71	73	2	33	96	88	72	46	96	93	87	1	81	4	21	4	32	40	67	9	57	20	37	98	83	96	33	56	49	4	42	97	92	73	70	35	54	39	50	74	25	27	55	28	64	55	89	4	98	83	
16	34	96	43	47	87	46	54	40	2	47	86	30	40	74	21	20	11	58	8	89	41	48	98	66	53	28	2	94	42	82	100	13	63	31	91	63	69	47	100	37	61	64	85	17	52	1	16	81	46	
64	57	55	76	100	4	96	40	22	60	36	84	53	80	71	51	81	22	90	85	68	59	47	100	3	11	16	21	64	24	53	39	33	84	91	96	59	74	93	20	75	36	69	52	45	81	79	91	58	64	
5	97	82	12	58	60	93	2	60	87	30	72	61	38	51	76	89	41	73	82	83	36	79	16	73	69	97	13	72	50	74	23	59	48	3	80	54	15	85	30	8	9	50	49	69	1	28	53	65	16	
50	21	26	37	77	48	87	47	36	30	71	100	87	96	81	71	22	68	72	71	90	42	91	47	7	36	52	52	22	54	15	20	87	19	38	10	47	45	55	38	10	65	19	42	88	69	97	42	51	70	
93	72	72	40	56	54	1	86	84	72	100	86	18	36	88	91	54	97	90	62	7	25	47	46	42	96	68	43	59	85	29	93	3	44	39	78	17	56	96	94	48	67	32	19	36	8	43	64	54	3	
81	69	98	27	90	71	81	30	53	61	87	18	94	27	91	97	83	2	30	3	15	5	56	23	82	84	38	42	62	44	91	92	31	5	21	53	28	79	91	12	22	27	18	65	9	71	45	26	25	20	
38	72	22	80	60	52	4	40	80	38	96	36	27	21	11	6	86	57	1	64	85	49	80	50	76	56	86	10	89	90	38	54	82	8	64	31	96	96	63	62	64	9	60	24	69	92	32	71	25	23	
85	37	40	38	17	73	21	74	71	51	81	88	91	11	41	23	45	79	75	24	13	70	29	51	66	45	96	2	36	33	60	49	3	11	94	45	48	5	92	88	67	48	41	35	82	80	31	16	25	27	
68	56	23	10	29	85	4	21	51	76	71	91	97	6	23	19	87	93	73	26	77	82	37	27	72	27	18	70	59	96	12	73	30	42	53	87	36	55	7	96	69	85	99	45	32	90	29	22	100	100	
86	45	90	94	25	20	32	20	81	89	22	54	83	86	45	87	54	86	43	72	42	67	22	12	18	30	3	41	73	54	85	41	78	55	28	92	82	12	73	15	54	64	24	83	100	89	29	97	13	1	
66	57	13	57	47	28	40	11	22	41	68	97	2	57	79	93	86	13	88	97	89	56	42	70	48	73	33	29	55	58	63	96	32	56	40	38	41	7	29	27	38	71	7	94	38	91	20	53	75	97	
26	85	63	85	51	82	67	58	90	73	72	90	30	1	75	73	43	88	41	27	25	82	53	15	100	64	3	93	52	12	54	54	90	46	68	72	5	26	56	27	55	12	25	62	18	23	58	69	78	24	
89	26	47	29	35	11	9	8	85	82	71	62	3	64	24	26	72	97	27	20	5	36	69	85	56	99	83	13	90	71	36	94	35	82	16	93	40	90	95	15	8	76	80	31	1	36	27	67	38	31	
16	43	3	11	13	67	57	89	68	83	90	7	15	85	13	77	42	89	25	5	75	100	90	18	74	96	38	15	94	79	82	52	67	7	57	94	71	19	91	61	2	19	41	66	37	65	32	68	68	89	
68	28	51	84	64	12	20	41	59	36	42	25	5	49	70	82	67	56	82	36	100	70	65	50	80	32	14	62	64	50	43	23	94	64	56	52	23	81	45	93	62	51	28	66	14	87	47	70	86	78	
34	76	97	44	91	89	37	48	47	79	91	47	56	80	29	37	22	42	53	69	90	65	39	63	77	38	98	26	47	70	48	17	24	16	20	51	19	95	83	29	86	69	24	76	77	20	79	86	96	41	
4	29	10	46	26	32	98	98	100	16	47	46	23	50	51	27	12	70	15	85	18	50	63	56	28	65	44	41	18	88	34	90	19	69	84	98	90	72	10	52	68	60	63	90	62	6	18	43	66	52	
56	69	1	92	45	74	83	66	3	73	7	42	82	76	66	72	18	48	100	56	74	80	77	28	64	50	59	90	24	24	26	87	42	1	51	33	89	77	69	45	89	60	72	70	97	66	78	17	19	85	
95	19	14	7	75	14	96	53	11	69	36	96	84	56	45	27	30	73	64	99	96	32	38	65	50	57	72	39	31	39	96	80	55	69	79	26	40	15	50	14	46	84	16	70	68	2	3	50	72	71	
92	44	36	20	12	75	33	28	16	97	52	68	38	86	96	18	3	33	3	83	38	14	98	44	59	72	41	71	66	72	88	82	84	15	52	97	11	7	81	44	54	50	1	5	38	98	63	31	35	88	
77	30	81	29	59	41	56	2	21	13	52	43	42	10	2	70	41	29	93	13	15	62	26	41	90	39	71	79	94	5	76	48	29	38	83	17	15	55	2	58	80	89	8	5	26	90	70	81	8	6	
90	27	6	80	90	26	49	94	64	72	22	59	62	89	36	59	73	55	52	90	94	64	47	18	24	31	66	94	65	4	61	95	2	24	99	98	41	48	18	11	86	75	66	95	20	86	42	98	39	21	
34	49	94	33	32	68	4	42	24	50	54	85	44	90	33	96	54	58	12	71	79	50	70	88	24	39	72	5	4	47	54	3	25	23	96	91	70	55	55	95	79	100	71	7	87	31	96	77	68	83	
67	37	75	43	100	49	42	82	53	74	15	29	91	38	60	12	85	63	54	36	82	43	48	34	26	96	88	76	61	54	23	22	51	87	41	69	35	57	79	79	62	91	14	31	52	30	47	46	64	96	
44	55	89	12	18	22	97	100	39	23	20	93	92	54	49	73	41	96	54	94	52	23	17	90	87	80	82	48	95	3	22	37	1	2	27	2	49	42	2	35	51	88	83	14	26	7	90	73	60	79	
50	72	96	58	37	55	92	13	33	59	87	3	31	82	3	30	78	32	90	35	67	94	24	19	42	55	84	29	2	25	51	1	78	42	20	46	90	92	81	61	64	1	77	73	48	35	70	30	11	12	
26	46	41	47	29	35	73	63	84	48	19	44	5	8	11	42	55	56	46	82	7	64	16	69	1	69	15	38	24	23	87	2	42	82	67	64	97	3	78	46	30	35	73	10	66	99	7	100	61	61	
3	27	85	30	72	89	70	31	91	3	38	39	21	64	94	53	28	40	68	16	57	56	20	84	51	79	52	83	99	96	41	27	20	67	87	90	56	90	43	29	52	66	69	71	50	33	22	85	16	43	
12	20	41	64	78	21	35	91	96	80	10	78	53	31	45	87	92	38	72	93	94	52	51	98	33	26	97	17	98	91	69	2	46	64	90	43	36	54	37	67	76	72	56	78	92	10	76	81	97	4	
66	29	35	43	27	33	54	63	59	54	47	17	28	96	48	36	82	41	5	40	71	23	19	90	89	40	11	15	41	70	35	49	90	97	56	36	85	88	9	51	72	74	11	41	94	24	82	18	25	28	
15	14	13	77	12	28	39	69	74	15	45	56	79	96	5	55	12	7	26	90	19	81	95	72	77	15	7	55	48	55	57	42	92	3	90	54	88	70	75	14	9	50	93	77	2	3	44	62	53	38	
37	95	47	81	49	88	50	47	93	85	55	96	91	63	92	7	73	29	56	95	91	45	83	10	69	50	81	2	18	55	79	2	81	78	43	37	9	75	78	92	89	30	10	42	95	34	63	3	74	1	
37	39	63	22	7	97	74	100	20	30	38	94	12	62	88	96	15	27	27	15	61	93	29	52	45	14	44	58	11	95	79	35	61	46	29	67	51	14	92	32	29	70	28	57	19	33	45	98	77	64	
20	88	92	20	30	85	25	37	75	8	10	48	22	64	67	69	54	38	55	8	2	62	86	68	89	46	54	80	86	79	62	51	64	30	52	76	72	9	89	29	53	25	28	3	76	84	64	61	45	39	
76	25	22	43	49	78	27	61	36	9	65	67	27	9	48	85	64	71	12	76	19	51	69	60	60	84	50	89	75	100	91	88	1	35	66	72	74	50	30	70	25	71	40	81	68	61	73	78	81	37	
38	64	12	67	44	41	55	64	69	50	19	32	18	60	41	99	24	7	25	80	41	28	24	63	72	16	1	8	66	71	14	83	77	73	69	56	11	93	10	28	28	40	71	18	12	12	45	67	26	90	
51	8	71	52	81	93	28	85	52	49	42	19	65	24	35	45	83	94	62	31	66	66	76	90	70	70	5	5	95	7	31	14	73	10	71	78	41	77	42	57	3	81	18	68	96	57	81	97	93	56	
28	36	22	48	1	7	64	17	45	69	88	36	9	69	82	32	100	38	18	1	37	14	77	62	97	68	38	26	20	87	52	26	48	66	50	92	94	2	95	19	76	68	12	96	69	57	84	61	34	56	
17	56	31	25	72	85	55	52	81	1	69	8	71	92	80	90	89	91	23	36	65	87	20	6	66	2	98	90	86	31	30	7	35	99	33	10	24	3	34	33	84	61	12	57	57	81	8	33	18	3	
35	8	43	100	82	79	89	1	79	28	97	43	45	32	31	29	29	20	58	27	32	47	79	18	78	3	63	70	42	96	47	90	70	7	22	76	82	44	63	45	64	73	45	81	84	8	83	40	18	95	
10	64	90	57	65	26	4	16	91	53	42	64	26	71	16	22	97	53	69	67	68	70	86	43	17	50	31	81	98	77	46	73	30	100	85	81	18	62	3	98	61	78	67	97	61	33	40	98	67	87	
41	34	77	23	37	78	98	81	58	65	51	54	25	25	25	100	13	75	78	38	68	86	96	66	19	72	35	8	39	68	64	60	11	61	16	97	25	53	74	77	45	81	26	93	34	18	18	67	1	95	
48	50	80	99	11	53	83	46	64	16	70	3	20	23	27	100	1	97	24	31	89	78	41	52	85	71	88	6	21	83	96	79	12	61	43	4	28	38	1	64	39	37	90	56	56	3	95	87	95	7	
