50
1427
39	73	59	19	94	99	7	74	12	73	14	20	93	69	8	56	81	72	20	4	26	11	30	51	31	94	14	18	10	96	50	67	5	20	27	90	21	80	6	70	75	71	77	90	80	37	13	89	59	11	
3	46	67	66	48	37	45	26	59	97	73	22	50	1	58	1	61	85	38	42	100	19	96	72	79	93	87	57	39	8	98	54	77	64	14	77	27	6	86	80	12	85	13	77	20	28	10	86	31	30	
46	12	18	56	24	93	64	56	55	73	25	22	78	100	68	74	41	5	39	77	56	33	78	19	54	24	47	8	96	39	14	56	25	29	35	88	27	14	70	13	35	5	9	26	81	61	19	98	91	40	
67	18	54	93	58	24	53	2	12	69	88	97	25	72	86	66	26	16	12	94	11	5	5	35	45	96	10	39	55	91	37	98	95	85	6	42	95	54	52	25	44	15	36	18	42	61	42	7	90	15	
66	56	93	89	3	17	79	16	59	25	46	65	1	27	95	49	22	73	26	50	40	2	71	67	68	34	37	73	12	62	2	10	48	70	96	66	81	100	61	91	73	22	71	23	94	35	75	58	29	91	
48	24	58	3	18	52	56	29	97	33	87	24	58	5	50	13	74	73	98	68	77	47	53	52	98	60	44	41	49	83	73	4	49	79	67	37	67	33	57	85	96	38	67	53	63	47	38	93	21	63	
37	93	24	17	52	18	53	86	77	87	40	86	12	84	39	67	29	97	77	4	51	13	98	37	6	45	95	81	15	49	72	39	29	15	20	19	45	100	3	59	97	44	58	49	35	71	47	33	53	67	
45	64	53	79	56	53	29	91	22	3	15	68	43	36	2	81	87	2	45	84	47	7	87	80	14	41	70	24	25	98	18	99	15	87	61	1	26	48	54	25	63	70	80	56	34	50	94	26	80	31	
26	56	2	16	29	86	91	29	52	7	13	8	22	57	51	21	24	39	26	71	80	57	56	79	91	67	61	36	4	48	80	14	52	55	53	10	88	87	94	67	52	19	43	39	33	45	31	75	32	19	
59	55	12	59	97	77	22	52	13	57	21	38	4	20	30	96	18	42	8	16	4	49	94	33	67	77	47	22	14	61	98	79	89	82	33	59	10	56	38	94	73	91	17	40	52	46	77	37	20	66	
97	73	69	25	33	87	3	7	57	19	2	8	76	91	51	65	73	27	99	10	80	76	26	64	20	48	37	16	4	76	72	14	73	37	97	42	49	17	98	94	22	25	70	36	63	45	97	39	59	81	
73	25	88	46	87	40	15	13	21	2	16	8	51	61	82	45	92	73	13	32	13	22	17	52	95	96	64	14	67	85	36	17	34	28	88	68	100	22	32	43	80	90	59	58	48	45	56	19	11	48	
22	22	97	65	24	86	68	8	38	8	8	77	44	72	53	38	17	18	38	37	54	77	94	71	73	92	9	64	88	17	26	55	76	37	99	42	65	54	17	1	87	92	85	43	26	85	61	15	45	65	
50	78	25	1	58	12	43	22	4	76	51	44	60	6	21	8	97	52	8	84	89	69	81	10	44	8	96	5	37	36	27	51	17	44	40	60	97	16	40	13	4	62	88	33	37	18	58	55	83	72	
1	100	72	27	5	84	36	57	20	91	61	72	6	30	72	39	13	73	12	37	51	92	88	50	4	69	25	35	49	64	93	54	55	92	38	73	47	69	35	2	25	14	42	70	89	46	69	74	76	23	
58	68	86	95	50	39	2	51	30	51	82	53	21	72	80	98	41	19	94	25	29	18	17	19	14	71	2	11	6	15	66	40	40	77	68	73	15	96	27	51	7	44	11	76	6	44	4	32	64	32	
1	74	66	49	13	67	81	21	96	65	45	38	8	39	98	12	97	11	81	79	32	19	49	82	34	98	93	61	17	20	78	52	39	15	79	4	97	43	91	74	94	40	1	61	54	55	86	30	34	17	
61	41	26	22	74	29	87	24	18	73	92	17	97	13	41	97	10	19	41	36	88	17	30	84	36	43	74	77	93	47	95	93	99	2	53	4	16	8	3	29	28	55	40	44	92	100	86	84	55	37	
85	5	16	73	73	97	2	39	42	27	73	18	52	73	19	11	19	84	54	10	1	97	61	86	74	90	15	9	32	34	25	4	71	14	48	71	93	8	60	33	82	31	23	64	92	84	39	61	82	26	
38	39	12	26	98	77	45	26	8	99	13	38	8	12	94	81	41	54	47	16	26	12	23	71	87	57	61	12	36	35	16	76	3	58	82	97	27	75	25	7	13	84	28	67	24	40	55	98	90	63	
42	77	94	50	68	4	84	71	16	10	32	37	84	37	25	79	36	10	16	4	51	73	34	47	11	26	96	76	87	46	9	18	60	74	57	34	45	20	84	49	61	72	92	33	17	27	99	58	15	16	
100	56	11	40	77	51	47	80	4	80	13	54	89	51	29	32	88	1	26	51	16	15	26	55	53	13	32	87	88	80	8	94	79	63	82	48	33	33	99	10	87	17	94	15	28	3	94	32	79	88	
19	33	5	2	47	13	7	57	49	76	22	77	69	92	18	19	17	97	12	73	15	6	46	77	37	8	2	83	68	34	44	97	89	31	67	67	1	37	53	87	67	63	41	48	28	95	63	74	88	37	
96	78	5	71	53	98	87	56	94	26	17	94	81	88	17	49	30	61	23	34	26	46	67	58	27	56	34	67	86	34	14	64	75	48	36	69	71	79	78	93	50	66	69	76	55	86	43	30	79	90	
72	19	35	67	52	37	80	79	33	64	52	71	10	50	19	82	84	86	71	47	55	77	58	27	8	5	43	89	1	32	65	1	82	96	43	14	42	87	22	8	79	67	47	68	72	90	67	16	64	64	
79	54	45	68	98	6	14	91	67	20	95	73	44	4	14	34	36	74	87	11	53	37	27	8	92	29	40	23	1	52	60	35	77	89	80	77	27	84	6	58	60	13	9	28	33	80	14	69	92	70	
93	24	96	34	60	45	41	67	77	48	96	92	8	69	71	98	43	90	57	26	13	8	56	5	29	85	18	46	11	63	89	85	39	75	73	4	90	19	68	54	78	96	62	3	4	8	1	69	95	45	
87	47	10	37	44	95	70	61	47	37	64	9	96	25	2	93	74	15	61	96	32	2	34	43	40	18	100	90	16	11	100	46	2	39	90	77	54	5	96	47	48	9	49	66	60	19	73	86	26	61	
57	8	39	73	41	81	24	36	22	16	14	64	5	35	11	61	77	9	12	76	87	83	67	89	23	46	90	50	98	86	12	67	22	72	76	26	10	60	64	2	43	36	41	89	28	24	82	82	66	83	
39	96	55	12	49	15	25	4	14	4	67	88	37	49	6	17	93	32	36	87	88	68	86	1	1	11	16	98	70	21	31	35	68	9	86	96	67	38	6	96	89	37	97	46	41	70	32	19	51	61	
8	39	91	62	83	49	98	48	61	76	85	17	36	64	15	20	47	34	35	46	80	34	34	32	52	63	11	86	21	79	46	98	97	49	24	51	28	19	49	87	90	50	29	20	55	6	6	47	35	21	
98	14	37	2	73	72	18	80	98	72	36	26	27	93	66	78	95	25	16	9	8	44	14	65	60	89	100	12	31	46	100	29	58	39	34	52	49	20	14	67	1	20	67	80	25	11	38	21	85	19	
54	56	98	10	4	39	99	14	79	14	17	55	51	54	40	52	93	4	76	18	94	97	64	1	35	85	46	67	35	98	29	47	28	59	29	30	77	49	68	99	49	37	34	66	32	49	36	25	57	19	
77	25	95	48	49	29	15	52	89	73	34	76	17	55	40	39	99	71	3	60	79	89	75	82	77	39	2	22	68	97	58	28	48	6	45	76	13	70	79	51	6	79	70	44	33	74	68	28	87	53	
64	29	85	70	79	15	87	55	82	37	28	37	44	92	77	15	2	14	58	74	63	31	48	96	89	75	39	72	9	49	39	59	6	4	45	8	67	22	49	13	17	40	45	71	66	14	41	49	26	75	
14	35	6	96	67	20	61	53	33	97	88	99	40	38	68	79	53	48	82	57	82	67	36	43	80	73	90	76	86	24	34	29	45	45	84	27	31	94	27	26	60	17	3	23	81	73	78	17	45	56	
77	88	42	66	37	19	1	10	59	42	68	42	60	73	73	4	4	71	97	34	48	67	69	14	77	4	77	26	96	51	52	30	76	8	27	43	37	25	19	98	16	50	12	25	10	89	55	55	7	87	
27	27	95	81	67	45	26	88	10	49	100	65	97	47	15	97	16	93	27	45	33	1	71	42	27	90	54	10	67	28	49	77	13	67	31	37	49	21	16	81	64	2	16	8	8	17	81	91	85	20	
6	14	54	100	33	100	48	87	56	17	22	54	16	69	96	43	8	8	75	20	33	37	79	87	84	19	5	60	38	19	20	49	70	22	94	25	21	35	64	84	33	95	92	49	64	5	11	73	34	54	
86	70	52	61	57	3	54	94	38	98	32	17	40	35	27	91	3	60	25	84	99	53	78	22	6	68	96	64	6	49	14	68	79	49	27	19	16	64	51	11	100	93	28	79	84	34	63	99	19	35	
80	13	25	91	85	59	25	67	94	94	43	1	13	2	51	74	29	33	7	49	10	87	93	8	58	54	47	2	96	87	67	99	51	13	26	98	81	84	11	9	63	10	24	91	14	50	55	78	16	93	
12	35	44	73	96	97	63	52	73	22	80	87	4	25	7	94	28	82	13	61	87	67	50	79	60	78	48	43	89	90	1	49	6	17	60	16	64	33	100	63	33	49	44	89	59	41	37	53	42	18	
85	5	15	22	38	44	70	19	91	25	90	92	62	14	44	40	55	31	84	72	17	63	66	67	13	96	9	36	37	50	20	37	79	40	17	50	2	95	93	10	49	18	17	51	14	8	77	17	78	36	
13	9	36	71	67	58	80	43	17	70	59	85	88	42	11	1	40	23	28	92	94	41	69	47	9	62	49	41	97	29	67	34	70	45	3	12	16	92	28	24	44	17	24	63	76	85	84	58	25	14	
77	26	18	23	53	49	56	39	40	36	58	43	33	70	76	61	44	64	67	33	15	48	76	68	28	3	66	89	46	20	80	66	44	71	23	25	8	49	79	91	89	51	63	46	92	95	3	54	99	36	
20	81	42	94	63	35	34	33	52	63	48	26	37	89	6	54	92	92	24	17	28	28	55	72	33	4	60	28	41	55	25	32	33	66	81	10	8	64	84	14	59	14	76	92	26	45	98	68	14	25	
28	61	61	35	47	71	50	45	46	45	45	85	18	46	44	55	100	84	40	27	3	95	86	90	80	8	19	24	70	6	11	49	74	14	73	89	17	5	34	50	41	8	85	95	45	83	61	64	46	10	
10	19	42	75	38	47	94	31	77	97	56	61	58	69	4	86	86	39	55	99	94	63	43	67	14	1	73	82	32	6	38	36	68	41	78	55	81	11	63	55	37	77	84	3	98	61	9	21	16	38	
86	98	7	58	93	33	26	75	37	39	19	15	55	74	32	30	84	61	98	58	32	74	30	16	69	69	86	82	19	47	21	25	28	49	17	55	91	73	99	78	53	17	58	54	68	64	21	70	43	95	
31	91	90	29	21	53	80	32	20	59	11	45	83	76	64	34	55	82	90	15	79	88	79	64	92	95	26	66	51	35	85	57	87	26	45	7	85	34	19	16	42	78	25	99	14	46	16	43	60	84	
30	40	15	91	63	67	31	19	66	81	48	65	72	23	32	17	37	26	63	16	88	37	90	64	70	45	61	83	61	21	19	19	53	75	56	87	20	54	35	93	18	36	14	36	25	10	38	95	84	79	
