50
1175
7	5	56	25	43	48	5	74	52	5	53	24	65	33	41	45	56	89	54	19	95	83	37	97	79	35	19	63	1	36	12	29	75	51	76	4	24	99	64	6	43	84	30	25	21	2	3	23	4	11	
40	30	80	74	12	9	9	100	71	25	38	51	69	31	63	75	97	39	88	57	29	38	7	42	21	66	39	99	81	50	89	35	48	21	95	38	90	67	13	32	92	98	30	91	23	62	73	92	50	48	
30	14	5	12	71	32	78	3	44	12	45	14	69	81	37	44	18	92	50	88	78	38	47	69	46	15	58	40	15	53	24	25	60	4	96	24	21	71	70	41	59	32	46	23	41	18	60	65	47	18	
80	5	99	72	77	53	26	38	34	62	62	9	30	7	95	12	39	32	31	89	95	59	87	30	45	88	80	10	96	58	14	42	83	88	23	36	79	15	99	60	13	30	88	20	29	42	76	70	1	10	
74	12	72	59	8	17	4	51	17	25	11	38	7	48	87	84	58	86	73	24	50	53	60	3	95	35	7	52	46	2	79	7	30	33	62	63	21	44	9	24	89	97	70	57	32	24	11	85	11	17	
12	71	77	8	6	83	80	79	25	17	82	88	79	93	21	7	16	17	96	5	26	79	21	41	81	13	68	46	28	100	40	12	85	27	99	63	87	43	83	39	19	13	13	5	32	48	64	88	64	74	
9	32	53	17	83	24	38	58	88	15	8	20	89	23	6	44	19	60	43	39	23	73	54	44	59	31	18	7	14	6	43	45	33	52	9	53	22	21	32	65	97	35	2	2	82	2	56	53	58	47	
9	78	26	4	80	38	56	80	74	39	98	53	76	12	91	90	41	74	29	58	59	73	10	31	68	51	4	40	54	89	9	4	55	86	100	8	33	24	93	91	21	9	35	17	46	87	68	8	33	19	
100	3	38	51	79	58	80	84	95	10	20	62	35	24	99	41	12	24	49	41	99	54	2	45	27	80	35	24	89	90	72	10	24	78	29	35	91	43	40	38	85	49	13	39	67	3	70	73	44	93	
71	44	34	17	25	88	74	95	29	71	17	19	54	58	16	46	38	71	14	99	9	64	15	36	38	61	18	11	42	18	15	19	87	71	32	64	16	35	72	19	81	76	57	42	78	67	72	55	84	25	
25	12	62	25	17	15	39	10	71	96	10	91	85	95	84	70	3	37	76	68	25	7	44	42	97	15	7	50	25	9	23	16	24	65	86	63	18	36	61	59	76	57	52	78	70	75	98	62	6	87	
38	45	62	11	82	8	98	20	17	10	88	95	79	81	16	21	32	30	32	25	28	86	96	57	98	64	93	2	21	32	64	41	19	49	11	24	87	86	66	8	89	1	49	11	39	85	60	51	10	28	
51	14	9	38	88	20	53	62	19	91	95	72	16	3	40	41	78	34	90	66	19	3	58	67	50	14	39	64	97	71	17	93	47	39	93	87	94	91	41	3	86	62	57	49	78	32	60	48	92	79	
69	69	30	7	79	89	76	35	54	85	79	16	52	43	70	55	59	47	29	16	55	1	45	90	21	80	60	46	48	76	44	68	94	80	20	65	39	9	24	52	23	54	13	34	56	82	43	25	29	55	
31	81	7	48	93	23	12	24	58	95	81	3	43	39	38	25	37	10	84	48	40	37	76	55	51	66	75	74	19	20	78	27	9	11	27	66	96	19	87	59	83	28	7	85	15	80	7	3	22	34	
63	37	95	87	21	6	91	99	16	84	16	40	70	38	68	72	1	96	36	94	12	24	25	73	5	16	98	24	35	44	90	42	57	2	21	91	72	25	90	35	24	11	66	6	31	70	86	6	89	21	
75	44	12	84	7	44	90	41	46	70	21	41	55	25	72	27	54	97	69	9	48	46	14	5	92	80	29	50	16	65	4	85	81	37	67	61	71	1	38	58	100	29	27	33	46	57	76	65	91	91	
97	18	39	58	16	19	41	12	38	3	32	78	59	37	1	54	22	38	73	58	27	10	33	90	77	96	59	55	88	39	89	50	88	41	44	37	75	78	49	37	82	33	30	64	35	42	53	39	60	65	
39	92	32	86	17	60	74	24	71	37	30	34	47	10	96	97	38	26	76	7	4	26	82	29	30	12	57	7	95	70	36	72	66	37	44	12	2	96	34	84	95	81	63	66	54	63	74	40	4	12	
88	50	31	73	96	43	29	49	14	76	32	90	29	84	36	69	73	76	34	57	18	80	71	96	38	43	76	82	3	17	55	90	14	91	7	72	35	4	18	14	73	24	53	98	49	11	25	74	97	90	
57	88	89	24	5	39	58	41	99	68	25	66	16	48	94	9	58	7	57	90	28	97	6	92	6	15	74	82	30	14	13	85	80	94	74	47	11	83	20	50	29	91	64	72	20	22	4	74	48	22	
29	78	95	50	26	23	59	99	9	25	28	19	55	40	12	48	27	4	18	28	61	99	65	66	92	70	3	25	59	2	31	97	24	49	80	54	86	42	81	80	44	99	11	74	16	50	7	51	84	65	
38	38	59	53	79	73	73	54	64	7	86	3	1	37	24	46	10	26	80	97	99	86	34	31	29	77	52	35	1	89	88	79	92	84	98	51	99	67	73	16	79	96	26	22	5	51	55	62	40	61	
7	47	87	60	21	54	10	2	15	44	96	58	45	76	25	14	33	82	71	6	65	34	94	32	13	68	58	46	99	17	20	31	21	68	70	42	31	65	23	47	73	6	2	55	13	99	36	22	66	96	
42	69	30	3	41	44	31	45	36	42	57	67	90	55	73	5	90	29	96	92	66	31	32	36	6	83	29	52	42	26	16	44	90	63	88	70	74	44	54	49	62	95	15	38	41	84	72	8	90	87	
21	46	45	95	81	59	68	27	38	97	98	50	21	51	5	92	77	30	38	6	92	29	13	6	6	40	65	94	26	78	12	76	74	23	16	70	59	94	60	46	96	10	73	7	78	90	50	59	70	43	
66	15	88	35	13	31	51	80	61	15	64	14	80	66	16	80	96	12	43	15	70	77	68	83	40	74	100	29	6	73	6	89	55	57	73	5	97	24	99	90	9	85	91	45	20	41	7	32	34	14	
39	58	80	7	68	18	4	35	18	7	93	39	60	75	98	29	59	57	76	74	3	52	58	29	65	100	92	30	50	10	45	68	21	90	65	34	23	51	15	72	21	43	26	29	82	46	35	30	67	33	
99	40	10	52	46	7	40	24	11	50	2	64	46	74	24	50	55	7	82	82	25	35	46	52	94	29	30	11	45	1	85	62	40	58	62	70	86	24	44	8	18	53	91	24	41	1	48	19	15	71	
81	15	96	46	28	14	54	89	42	25	21	97	48	19	35	16	88	95	3	30	59	1	99	42	26	6	50	45	37	83	64	7	91	82	63	69	72	52	43	14	59	17	100	49	58	34	39	64	82	43	
50	53	58	2	100	6	89	90	18	9	32	71	76	20	44	65	39	70	17	14	2	89	17	26	78	73	10	1	83	74	74	52	88	93	78	18	35	65	80	13	15	51	90	88	74	60	57	45	48	47	
89	24	14	79	40	43	9	72	15	23	64	17	44	78	90	4	89	36	55	13	31	88	20	16	12	6	45	85	64	74	93	47	4	82	69	27	99	40	40	50	69	75	44	68	89	20	28	45	69	84	
35	25	42	7	12	45	4	10	19	16	41	93	68	27	42	85	50	72	90	85	97	79	31	44	76	89	68	62	7	52	47	94	73	72	68	24	53	13	12	9	7	6	45	74	73	15	53	45	78	81	
48	60	83	30	85	33	55	24	87	24	19	47	94	9	57	81	88	66	14	80	24	92	21	90	74	55	21	40	91	88	4	73	1	91	30	30	14	11	13	10	18	55	31	62	96	54	19	6	96	61	
21	4	88	33	27	52	86	78	71	65	49	39	80	11	2	37	41	37	91	94	49	84	68	63	23	57	90	58	82	93	82	72	91	9	16	37	61	90	100	29	98	35	29	67	66	56	33	44	80	100	
95	96	23	62	99	9	100	29	32	86	11	93	20	27	21	67	44	44	7	74	80	98	70	88	16	73	65	62	63	78	69	68	30	16	80	45	92	91	98	68	27	61	32	35	11	36	19	48	98	29	
38	24	36	63	63	53	8	35	64	63	24	87	65	66	91	61	37	12	72	47	54	51	42	70	70	5	34	70	69	18	27	24	30	37	45	23	65	47	70	65	95	52	44	42	90	27	79	41	98	50	
90	21	79	21	87	22	33	91	16	18	87	94	39	96	72	71	75	2	35	11	86	99	31	74	59	97	23	86	72	35	99	53	14	61	92	65	52	59	99	98	76	56	22	69	8	31	50	99	94	30	
67	71	15	44	43	21	24	43	35	36	86	91	9	19	25	1	78	96	4	83	42	67	65	44	94	24	51	24	52	65	40	13	11	90	91	47	59	49	73	86	89	17	98	24	51	81	61	56	76	49	
13	70	99	9	83	32	93	40	72	61	66	41	24	87	90	38	49	34	18	20	81	73	23	54	60	99	15	44	43	80	40	12	13	100	98	70	99	73	37	72	89	26	56	22	22	6	48	52	11	65	
32	41	60	24	39	65	91	38	19	59	8	3	52	59	35	58	37	84	14	50	80	16	47	49	46	90	72	8	14	13	50	9	10	29	68	65	98	86	72	91	32	62	24	98	88	73	16	50	41	31	
92	59	13	89	19	97	21	85	81	76	89	86	23	83	24	100	82	95	73	29	44	79	73	62	96	9	21	18	59	15	69	7	18	98	27	95	76	89	89	32	1	66	80	10	25	6	20	99	32	42	
98	32	30	97	13	35	9	49	76	57	1	62	54	28	11	29	33	81	24	91	99	96	6	95	10	85	43	53	17	51	75	6	55	35	61	52	56	17	26	62	66	42	52	14	99	33	24	8	71	65	
30	46	88	70	13	2	35	13	57	52	49	57	13	7	66	27	30	63	53	64	11	26	2	15	73	91	26	91	100	90	44	45	31	29	32	44	22	98	56	24	80	52	39	20	20	11	7	60	61	34	
91	23	20	57	5	2	17	39	42	78	11	49	34	85	6	33	64	66	98	72	74	22	55	38	7	45	29	24	49	88	68	74	62	67	35	42	69	24	22	98	10	14	20	98	19	43	9	26	5	15	
23	41	29	32	32	82	46	67	78	70	39	78	56	15	31	46	35	54	49	20	16	5	13	41	78	20	82	41	58	74	89	73	96	66	11	90	8	51	22	88	25	99	20	19	28	37	5	76	47	93	
62	18	42	24	48	2	87	3	67	75	85	32	82	80	70	57	42	63	11	22	50	51	99	84	90	41	46	1	34	60	20	15	54	56	36	27	31	81	6	73	6	33	11	43	37	4	11	93	75	35	
73	60	76	11	64	56	68	70	72	98	60	60	43	7	86	76	53	74	25	4	7	55	36	72	50	7	35	48	39	57	28	53	19	33	19	79	50	61	48	16	20	24	7	9	5	11	35	9	52	78	
92	65	70	85	88	53	8	73	55	62	51	48	25	3	6	65	39	40	74	74	51	62	22	8	59	32	30	19	64	45	45	45	6	44	48	41	99	56	52	50	99	8	60	26	76	93	9	90	5	34	
50	47	1	11	64	58	33	44	84	6	10	92	29	22	89	91	60	4	97	48	84	40	66	90	70	34	67	15	82	48	69	78	96	80	98	98	94	76	11	41	32	71	61	5	47	75	52	5	76	84	
48	18	10	17	74	47	19	93	25	87	28	79	55	34	21	91	65	12	90	22	65	61	96	87	43	14	33	71	43	47	84	81	61	100	29	50	30	49	65	31	42	65	34	15	93	35	78	34	84	76	
