50
1340
79	47	23	71	7	63	65	20	84	92	37	99	50	31	4	48	82	83	94	35	2	75	47	15	87	96	67	69	78	57	32	13	42	59	40	1	20	37	73	93	90	5	57	98	39	21	75	38	42	26	
51	90	36	55	66	2	91	14	8	2	19	10	17	34	61	71	74	4	66	56	86	33	28	15	39	62	86	47	90	36	18	69	58	16	27	13	34	65	12	58	21	70	98	34	72	43	83	35	80	95	
90	60	99	99	26	75	14	82	57	24	40	62	79	26	61	90	4	54	45	48	49	21	82	50	68	93	35	48	40	16	51	95	47	29	38	16	38	38	2	52	75	49	48	16	7	36	12	26	23	17	
36	99	2	12	8	50	39	34	43	64	96	6	59	42	36	37	78	72	31	24	45	63	46	40	19	63	34	15	92	75	69	5	38	86	25	43	45	12	46	18	98	78	74	19	87	62	67	42	56	16	
55	99	12	35	31	43	93	9	78	33	87	44	16	76	61	97	78	99	22	94	31	48	52	37	84	77	97	67	53	100	49	40	32	41	27	3	87	48	15	95	68	33	25	70	77	18	70	39	76	60	
66	26	8	31	1	80	62	49	32	56	27	17	55	64	63	12	51	91	47	52	96	76	85	81	85	35	74	54	55	6	2	24	84	5	92	68	94	44	12	42	20	78	8	98	93	80	21	40	48	83	
2	75	50	43	80	41	51	12	34	55	43	66	16	74	98	78	61	24	31	93	41	89	42	90	8	72	75	61	69	72	33	55	73	66	99	90	12	19	40	90	82	95	26	47	16	32	15	17	88	70	
91	14	39	93	62	51	29	10	24	98	41	7	71	63	15	4	100	31	61	93	79	100	43	75	39	23	92	70	35	57	37	52	6	86	29	46	31	23	11	74	22	61	12	64	99	41	47	21	35	82	
14	82	34	9	49	12	10	68	55	13	48	96	89	75	25	80	41	49	36	90	62	38	62	60	18	20	67	34	85	83	72	51	50	23	87	8	70	98	77	91	19	95	23	16	24	84	78	16	43	5	
8	57	43	78	32	34	24	55	7	96	19	16	64	83	37	81	98	43	46	11	36	97	22	93	11	29	69	24	76	37	100	62	76	57	8	31	20	100	56	83	52	29	18	73	15	6	39	83	47	19	
2	24	64	33	56	55	98	13	96	91	80	47	37	63	46	24	85	36	65	84	86	4	59	15	17	71	62	89	98	73	96	37	100	82	53	69	66	74	53	54	89	47	47	5	12	50	86	93	20	55	
19	40	96	87	27	43	41	48	19	80	5	66	13	81	51	62	44	29	19	94	99	26	46	60	92	32	2	99	23	81	36	60	34	69	77	45	7	78	67	65	2	4	52	24	34	68	70	61	84	75	
10	62	6	44	17	66	7	96	16	47	66	79	36	14	45	59	27	69	25	98	55	68	62	11	69	35	68	55	82	90	10	33	63	23	72	95	45	2	67	58	65	81	17	63	35	28	24	49	37	92	
17	79	59	16	55	16	71	89	64	37	13	36	91	42	2	18	33	24	100	10	4	85	77	96	48	87	79	99	23	68	87	43	41	78	45	51	28	99	12	46	56	100	51	71	97	23	12	92	85	84	
34	26	42	76	64	74	63	75	83	63	81	14	42	14	75	42	84	24	60	25	26	67	3	96	22	14	28	85	27	33	62	2	40	37	3	44	5	56	42	15	46	14	65	45	70	98	100	89	5	14	
61	61	36	61	63	98	15	25	37	46	51	45	2	75	25	84	92	69	11	38	31	82	5	60	99	79	11	18	99	26	91	94	54	100	55	57	15	61	5	6	66	17	35	33	60	18	60	56	7	86	
71	90	37	97	12	78	4	80	81	24	62	59	18	42	84	55	37	55	79	72	31	31	73	61	35	43	32	12	93	95	74	24	11	24	72	55	49	29	44	37	75	30	51	86	24	42	60	80	12	80	
74	4	78	78	51	61	100	41	98	85	44	27	33	84	92	37	42	30	48	84	8	28	52	35	73	13	89	92	92	73	28	13	97	60	13	88	70	88	43	89	69	54	70	2	80	45	17	72	77	69	
4	54	72	99	91	24	31	49	43	36	29	69	24	24	69	55	30	21	39	71	52	6	7	23	12	91	83	48	58	99	75	32	61	52	96	47	81	22	95	39	76	66	91	70	6	65	38	87	10	12	
66	45	31	22	47	31	61	36	46	65	19	25	100	60	11	79	48	39	9	99	16	8	15	38	27	97	33	84	4	37	53	50	9	42	51	8	87	15	11	91	100	24	82	1	28	56	95	74	75	97	
56	48	24	94	52	93	93	90	11	84	94	98	10	25	38	72	84	71	99	37	67	24	5	21	5	39	88	29	76	43	26	74	75	40	86	10	2	42	83	94	49	90	99	55	1	29	12	73	75	19	
86	49	45	31	96	41	79	62	36	86	99	55	4	26	31	31	8	52	16	67	17	11	69	37	84	4	85	21	59	53	52	58	42	52	62	86	99	31	87	35	91	47	13	44	23	22	34	10	14	79	
33	21	63	48	76	89	100	38	97	4	26	68	85	67	82	31	28	6	8	24	11	58	22	46	75	59	22	43	75	63	22	93	39	38	13	7	63	17	100	99	8	18	41	24	63	59	18	80	97	94	
28	82	46	52	85	42	43	62	22	59	46	62	77	3	5	73	52	7	15	5	69	22	38	89	6	34	13	10	38	67	98	18	94	70	67	36	47	66	37	76	44	55	99	90	49	99	28	93	33	72	
15	50	40	37	81	90	75	60	93	15	60	11	96	96	60	61	35	23	38	21	37	46	89	76	7	14	78	59	82	94	30	96	35	3	72	85	40	17	29	94	5	40	32	17	92	93	42	8	42	86	
39	68	19	84	85	8	39	18	11	17	92	69	48	22	99	35	73	12	27	5	84	75	6	7	2	93	16	48	13	31	77	35	18	14	86	78	78	93	54	25	1	86	71	27	21	15	62	73	17	38	
62	93	63	77	35	72	23	20	29	71	32	35	87	14	79	43	13	91	97	39	4	59	34	14	93	62	46	22	14	75	59	46	30	95	70	53	20	8	27	73	46	3	7	65	70	53	70	61	54	19	
86	35	34	97	74	75	92	67	69	62	2	68	79	28	11	32	89	83	33	88	85	22	13	78	16	46	90	95	80	24	48	21	14	58	100	80	96	16	5	83	13	35	28	90	94	9	21	11	85	9	
47	48	15	67	54	61	70	34	24	89	99	55	99	85	18	12	92	48	84	29	21	43	10	59	48	22	95	69	61	84	68	14	77	61	39	94	56	33	45	51	29	42	5	58	15	89	46	62	16	2	
90	40	92	53	55	69	35	85	76	98	23	82	23	27	99	93	92	58	4	76	59	75	38	82	13	14	80	61	50	32	82	42	63	7	66	93	15	34	86	96	34	21	57	44	8	80	12	10	26	54	
36	16	75	100	6	72	57	83	37	73	81	90	68	33	26	95	73	99	37	43	53	63	67	94	31	75	24	84	32	61	35	95	47	42	18	22	65	36	3	64	9	54	29	11	15	55	70	28	36	54	
18	51	69	49	2	33	37	72	100	96	36	10	87	62	91	74	28	75	53	26	52	22	98	30	77	59	48	68	82	35	63	74	83	29	31	76	4	78	44	14	55	51	1	3	72	10	14	58	70	71	
69	95	5	40	24	55	52	51	62	37	60	33	43	2	94	24	13	32	50	74	58	93	18	96	35	46	21	14	42	95	74	58	62	39	33	49	57	74	65	19	28	23	42	8	23	26	33	50	64	16	
58	47	38	32	84	73	6	50	76	100	34	63	41	40	54	11	97	61	9	75	42	39	94	35	18	30	14	77	63	47	83	62	18	18	46	3	95	76	59	71	29	53	45	38	21	89	6	23	16	72	
16	29	86	41	5	66	86	23	57	82	69	23	78	37	100	24	60	52	42	40	52	38	70	3	14	95	58	61	7	42	29	39	18	93	36	60	11	8	93	59	90	90	52	74	52	83	32	2	15	25	
27	38	25	27	92	99	29	87	8	53	77	72	45	3	55	72	13	96	51	86	62	13	67	72	86	70	100	39	66	18	31	33	46	36	37	80	51	6	11	48	87	58	26	7	21	6	61	7	92	51	
13	16	43	3	68	90	46	8	31	69	45	95	51	44	57	55	88	47	8	10	86	7	36	85	78	53	80	94	93	22	76	49	3	60	80	8	60	30	33	47	75	51	40	39	41	66	17	6	49	81	
34	38	45	87	94	12	31	70	20	66	7	45	28	5	15	49	70	81	87	2	99	63	47	40	78	20	96	56	15	65	4	57	95	11	51	60	61	25	16	11	32	57	91	77	100	84	57	91	18	27	
65	38	12	48	44	19	23	98	100	74	78	2	99	56	61	29	88	22	15	42	31	17	66	17	93	8	16	33	34	36	78	74	76	8	6	30	25	44	49	95	1	64	83	91	88	57	73	21	42	38	
12	2	46	15	12	40	11	77	56	53	67	67	12	42	5	44	43	95	11	83	87	100	37	29	54	27	5	45	86	3	44	65	59	93	11	33	16	49	4	87	74	30	74	5	59	63	61	77	29	68	
58	52	18	95	42	90	74	91	83	54	65	58	46	15	6	37	89	39	91	94	35	99	76	94	25	73	83	51	96	64	14	19	71	59	48	47	11	95	87	7	1	99	63	99	83	9	64	30	49	84	
21	75	98	68	20	82	22	19	52	89	2	65	56	46	66	75	69	76	100	49	91	8	44	5	1	46	13	29	34	9	55	28	29	90	87	75	32	1	74	1	38	37	70	5	52	80	69	76	100	49	
70	49	78	33	78	95	61	95	29	47	4	81	100	14	17	30	54	66	24	90	47	18	55	40	86	3	35	42	21	54	51	23	53	90	58	51	57	64	30	99	37	49	19	60	18	94	44	48	74	47	
98	48	74	25	8	26	12	23	18	47	52	17	51	65	35	51	70	91	82	99	13	41	99	32	71	7	28	5	57	29	1	42	45	52	26	40	91	83	74	63	70	19	89	91	44	49	61	100	10	13	
34	16	19	70	98	47	64	16	73	5	24	63	71	45	33	86	2	70	1	55	44	24	90	17	27	65	90	58	44	11	3	8	38	74	7	39	77	91	5	99	5	60	91	41	88	83	66	72	34	27	
72	7	87	77	93	16	99	24	15	12	34	35	97	70	60	24	80	6	28	1	23	63	49	92	21	70	94	15	8	15	72	23	21	52	21	41	100	88	59	83	52	18	44	88	46	39	64	45	10	37	
43	36	62	18	80	32	41	84	6	50	68	28	23	98	18	42	45	65	56	29	22	59	99	93	15	53	9	89	80	55	10	26	89	83	6	66	84	57	63	9	80	94	49	83	39	46	76	78	21	97	
83	12	67	70	21	15	47	78	39	86	70	24	12	100	60	60	17	38	95	12	34	18	28	42	62	70	21	46	12	70	14	33	6	32	61	17	57	73	61	64	69	44	61	66	64	76	14	32	48	46	
35	26	42	39	40	17	21	16	83	93	61	49	92	89	56	80	72	87	74	73	10	80	93	8	73	61	11	62	10	28	58	50	23	2	7	6	91	21	77	30	76	48	100	72	45	78	32	80	50	81	
80	23	56	76	48	88	35	43	47	20	84	37	85	5	7	12	77	10	75	75	14	97	33	42	17	54	85	16	26	36	70	64	16	15	92	49	18	42	29	49	100	74	10	34	10	21	48	50	37	44	
95	17	16	60	83	70	82	5	19	55	75	92	84	14	86	80	69	12	97	19	79	94	72	86	38	19	9	2	54	54	71	16	72	25	51	81	27	38	68	84	49	47	13	27	37	97	46	81	44	62	
