50
1126
61	22	36	66	37	47	81	18	31	27	35	42	55	91	26	22	2	3	5	78	25	83	16	70	49	41	91	97	86	43	3	53	41	45	71	97	82	64	25	13	46	40	30	41	50	56	32	47	16	94	
66	55	57	31	12	100	38	82	10	99	83	18	8	58	33	98	8	43	31	81	88	80	59	57	49	2	72	56	29	37	54	23	78	31	72	78	8	47	79	81	11	45	7	57	86	25	5	40	69	63	
55	41	5	7	45	21	1	74	21	66	80	95	52	4	11	34	14	11	93	99	49	62	100	22	87	89	66	41	92	12	18	6	16	88	49	37	72	47	9	38	38	7	2	49	34	70	89	38	44	27	
57	5	27	90	66	90	35	72	10	10	47	4	55	76	62	89	15	48	12	12	45	42	41	11	58	12	71	42	91	83	46	74	13	30	6	64	77	54	83	15	98	71	89	4	13	90	24	67	78	91	
31	7	90	42	85	12	15	83	73	97	8	63	21	63	76	51	83	21	98	73	11	83	42	32	79	73	1	28	23	61	24	79	2	61	20	92	71	3	94	62	29	33	57	30	37	74	12	74	56	31	
12	45	66	85	45	10	98	60	13	95	75	25	66	4	47	93	63	40	99	89	40	35	73	41	100	69	60	43	3	6	55	28	46	92	57	41	19	9	29	24	24	67	62	23	14	32	92	16	86	95	
100	21	90	12	10	74	32	20	9	51	3	14	88	48	3	15	85	15	87	20	57	97	42	42	87	66	67	53	82	57	15	21	12	69	66	84	2	32	37	96	63	28	32	76	91	4	87	37	36	11	
38	1	35	15	98	32	41	73	36	79	51	86	100	21	40	37	8	68	28	68	19	66	52	23	9	77	36	58	81	96	38	32	45	78	62	85	15	8	44	61	38	25	40	8	5	57	56	45	76	47	
82	74	72	83	60	20	73	69	39	98	71	65	16	31	51	88	26	18	73	30	54	4	72	9	20	75	49	66	59	74	42	94	97	93	44	48	12	96	78	23	93	55	56	90	55	45	79	57	34	99	
10	21	10	73	13	9	36	39	77	65	57	25	57	31	32	12	44	54	5	71	55	76	52	82	74	41	6	6	84	44	78	90	36	92	20	86	47	51	19	63	27	5	34	46	9	61	46	98	3	79	
99	66	10	97	95	51	79	98	65	63	68	29	2	84	75	15	15	38	100	15	65	57	89	46	37	95	61	44	44	16	84	36	89	36	26	59	51	89	89	88	88	86	16	97	43	60	69	2	34	34	
83	80	47	8	75	3	51	71	57	68	69	65	75	1	84	39	24	86	98	96	45	82	96	86	38	99	4	76	27	61	74	94	26	43	31	88	40	69	85	21	83	42	50	58	81	79	73	66	59	87	
18	95	4	63	25	14	86	65	25	29	65	98	82	63	63	7	36	91	32	79	79	96	99	72	58	55	11	49	87	76	81	5	71	70	5	35	85	91	30	94	20	15	60	79	20	85	59	91	87	75	
8	52	55	21	66	88	100	16	57	2	75	82	84	6	98	65	36	100	32	23	49	98	34	72	19	57	26	40	16	96	22	65	24	50	39	92	71	56	15	98	72	95	23	67	9	66	5	48	77	69	
58	4	76	63	4	48	21	31	31	84	1	63	6	92	75	91	42	80	34	8	11	22	30	52	30	9	17	66	26	6	58	34	55	39	34	15	86	86	24	35	23	12	67	38	24	26	72	87	27	69	
33	11	62	76	47	3	40	51	32	75	84	63	98	75	10	81	44	10	91	47	19	31	6	85	31	22	39	27	2	25	97	69	12	22	67	42	3	57	80	62	67	19	38	31	55	84	56	68	84	42	
98	34	89	51	93	15	37	88	12	15	39	7	65	91	81	87	73	94	85	40	69	90	29	77	32	83	70	44	60	7	59	49	74	40	55	88	94	7	44	60	32	90	5	17	2	77	55	6	3	86	
8	14	15	83	63	85	8	26	44	15	24	36	36	42	44	73	90	22	30	98	75	11	89	68	20	65	91	90	94	62	49	13	17	32	22	54	96	81	32	87	68	94	56	32	79	4	87	44	66	91	
43	11	48	21	40	15	68	18	54	38	86	91	100	80	10	94	22	28	60	65	88	28	35	56	100	77	29	83	83	26	38	9	74	54	51	8	50	38	98	53	56	87	66	92	88	37	90	49	46	22	
31	93	12	98	99	87	28	73	5	100	98	32	32	34	91	85	30	60	71	37	22	14	4	57	6	88	55	74	37	73	76	67	4	60	76	25	90	1	13	96	80	79	36	99	9	86	94	55	70	49	
81	99	12	73	89	20	68	30	71	15	96	79	23	8	47	40	98	65	37	68	78	3	17	72	39	10	87	22	93	96	71	8	36	71	19	65	43	58	46	79	29	18	52	9	52	76	91	16	1	15	
88	49	45	11	40	57	19	54	55	65	45	79	49	11	19	69	75	88	22	78	30	37	42	48	88	95	65	19	73	9	26	81	35	43	7	55	56	100	50	85	91	60	98	91	41	21	15	66	58	68	
80	62	42	83	35	97	66	4	76	57	82	96	98	22	31	90	11	28	14	3	37	5	5	97	100	4	16	85	37	65	13	88	43	81	1	61	64	37	25	79	22	38	89	61	16	49	40	2	73	17	
59	100	41	42	73	42	52	72	52	89	96	99	34	30	6	29	89	35	4	17	42	5	49	22	5	88	82	1	80	26	22	59	70	76	73	89	53	48	91	11	64	95	61	25	69	97	77	12	95	25	
57	22	11	32	41	42	23	9	82	46	86	72	72	52	85	77	68	56	57	72	48	97	22	52	42	36	28	9	32	78	20	48	22	4	4	17	51	3	90	90	55	24	71	91	98	86	17	18	28	45	
49	87	58	79	100	87	9	20	74	37	38	58	19	30	31	32	20	100	6	39	88	100	5	42	61	41	85	45	32	18	6	97	46	64	98	17	82	35	91	14	100	80	39	53	75	35	84	40	63	78	
2	89	12	73	69	66	77	75	41	95	99	55	57	9	22	83	65	77	88	10	95	4	88	36	41	4	31	29	51	44	96	70	25	59	56	25	38	69	84	19	66	15	58	87	63	95	40	60	16	10	
72	66	71	1	60	67	36	49	6	61	4	11	26	17	39	70	91	29	55	87	65	16	82	28	85	31	67	88	66	25	79	83	15	97	99	74	4	79	25	62	58	29	61	81	47	96	34	52	92	75	
56	41	42	28	43	53	58	66	6	44	76	49	40	66	27	44	90	83	74	22	19	85	1	9	45	29	88	97	21	100	16	55	74	12	64	1	33	62	36	54	68	41	34	7	80	89	82	50	85	39	
29	92	91	23	3	82	81	59	84	44	27	87	16	26	2	60	94	83	37	93	73	37	80	32	32	51	66	21	98	79	24	67	4	39	78	66	71	58	97	22	17	100	48	46	64	51	98	4	34	16	
37	12	83	61	6	57	96	74	44	16	61	76	96	6	25	7	62	26	73	96	9	65	26	78	18	44	25	100	79	70	31	100	63	29	44	76	70	7	31	69	20	28	87	49	34	6	9	75	67	37	
54	18	46	24	55	15	38	42	78	84	74	81	22	58	97	59	49	38	76	71	26	13	22	20	6	96	79	16	24	31	25	81	29	95	40	12	99	32	50	54	28	18	84	9	81	5	28	81	15	56	
23	6	74	79	28	21	32	94	90	36	94	5	65	34	69	49	13	9	67	8	81	88	59	48	97	70	83	55	67	100	81	40	36	63	93	81	11	42	52	11	98	97	67	51	30	17	57	21	16	90	
78	16	13	2	46	12	45	97	36	89	26	71	24	55	12	74	17	74	4	36	35	43	70	22	46	25	15	74	4	63	29	36	27	15	80	81	82	17	98	80	6	58	16	6	64	48	33	97	13	15	
31	88	30	61	92	69	78	93	92	36	43	70	50	39	22	40	32	54	60	71	43	81	76	4	64	59	97	12	39	29	95	63	15	74	5	73	81	20	52	1	4	87	8	48	60	22	66	7	19	50	
72	49	6	20	57	66	62	44	20	26	31	5	39	34	67	55	22	51	76	19	7	1	73	4	98	56	99	64	78	44	40	93	80	5	37	46	8	94	99	48	30	85	31	36	12	37	72	100	3	41	
78	37	64	92	41	84	85	48	86	59	88	35	92	15	42	88	54	8	25	65	55	61	89	17	17	25	74	1	66	76	12	81	81	73	46	8	59	96	77	11	38	19	91	60	46	30	19	68	47	11	
8	72	77	71	19	2	15	12	47	51	40	85	71	86	3	94	96	50	90	43	56	64	53	51	82	38	4	33	71	70	99	11	82	81	8	59	69	69	95	42	72	23	62	65	46	43	80	31	99	34	
47	47	54	3	9	32	8	96	51	89	69	91	56	86	57	7	81	38	1	58	100	37	48	3	35	69	79	62	58	7	32	42	17	20	94	96	69	71	66	92	20	43	21	84	52	2	63	32	41	3	
79	9	83	94	29	37	44	78	19	89	85	30	15	24	80	44	32	98	13	46	50	25	91	90	91	84	25	36	97	31	50	52	98	52	99	77	95	66	86	78	49	25	8	3	42	3	52	58	95	4	
81	38	15	62	24	96	61	23	63	88	21	94	98	35	62	60	87	53	96	79	85	79	11	90	14	19	62	54	22	69	54	11	80	1	48	11	42	92	78	22	31	85	67	39	34	47	38	12	46	21	
11	38	98	29	24	63	38	93	27	88	83	20	72	23	67	32	68	56	80	29	91	22	64	55	100	66	58	68	17	20	28	98	6	4	30	38	72	20	49	31	33	21	96	1	48	21	1	65	93	95	
45	7	71	33	67	28	25	55	5	86	42	15	95	12	19	90	94	87	79	18	60	38	95	24	80	15	29	41	100	28	18	97	58	87	85	19	23	43	25	85	21	30	86	30	64	12	2	54	47	43	
7	2	89	57	62	32	40	56	34	16	50	60	23	67	38	5	56	66	36	52	98	89	61	71	39	58	61	34	48	87	84	67	16	8	31	91	62	21	8	67	96	86	36	1	34	17	100	28	55	23	
57	49	4	30	23	76	8	90	46	97	58	79	67	38	31	17	32	92	99	9	91	61	25	91	53	87	81	7	46	49	9	51	6	48	36	60	65	84	3	39	1	30	1	5	45	34	8	23	71	69	
86	34	13	37	14	91	5	55	9	43	81	20	9	24	55	2	79	88	9	52	41	16	69	98	75	63	47	80	64	34	81	30	64	60	12	46	46	52	42	34	48	64	34	45	51	86	97	44	67	12	
25	70	90	74	32	4	57	45	61	60	79	85	66	26	84	77	4	37	86	76	21	49	97	86	35	95	96	89	51	6	5	17	48	22	37	30	43	2	3	47	21	12	17	34	86	81	48	30	89	1	
5	89	24	12	92	87	56	79	46	69	73	59	5	72	56	55	87	90	94	91	15	40	77	17	84	40	34	82	98	9	28	57	33	66	72	19	80	63	52	38	1	2	100	8	97	48	56	74	2	35	
40	38	67	74	16	37	45	57	98	2	66	91	48	87	68	6	44	49	55	16	66	2	12	18	40	60	52	50	4	75	81	21	97	7	100	68	31	32	58	12	65	54	28	23	44	30	74	6	1	23	
69	44	78	56	86	36	76	34	3	34	59	87	77	27	84	3	66	46	70	1	58	73	95	28	63	16	92	85	34	67	15	16	13	19	3	47	99	41	95	46	93	47	55	71	67	89	2	1	55	16	
63	27	91	31	95	11	47	99	79	34	87	75	69	69	42	86	91	22	49	15	68	17	25	45	78	10	75	39	16	37	56	90	15	50	41	11	34	3	4	21	95	43	23	69	12	1	35	23	16	79	
