50
1364
52	26	33	69	91	77	47	52	50	87	14	65	79	87	40	62	56	40	1	77	45	4	39	93	22	17	66	84	95	25	56	95	23	70	78	55	64	21	95	30	32	31	8	79	71	67	23	59	15	64	
11	62	36	82	31	15	71	62	3	17	99	69	31	19	32	59	16	9	8	61	10	20	2	98	23	11	42	65	85	89	78	5	79	43	90	20	58	35	41	37	10	14	19	31	34	81	1	82	93	35	
62	7	95	59	86	11	94	39	69	46	24	80	100	34	14	4	44	27	5	74	61	62	36	75	95	32	64	44	57	16	17	27	64	83	34	65	88	44	47	8	15	47	97	14	46	48	67	84	86	47	
36	95	96	84	50	16	39	79	28	64	32	24	21	93	57	71	61	97	21	77	3	55	80	55	23	37	36	33	73	29	90	87	40	66	89	90	7	99	34	8	69	79	75	52	78	30	19	22	95	84	
82	59	84	89	51	19	36	39	46	53	5	45	23	58	2	39	24	28	17	4	41	40	25	37	77	45	25	12	15	6	13	83	3	51	29	49	40	66	33	16	87	67	37	6	74	63	50	14	15	70	
31	86	50	51	36	4	32	40	24	63	86	72	25	9	79	10	39	13	70	36	38	25	33	16	75	50	40	67	69	14	22	38	13	20	65	93	52	99	94	4	34	64	35	56	97	1	42	1	89	7	
15	11	16	19	4	66	77	50	85	36	59	4	33	37	33	28	23	66	58	19	40	74	79	60	72	92	94	48	99	88	51	45	15	64	29	21	97	82	17	6	20	20	62	46	15	95	39	94	64	17	
71	94	39	36	32	77	78	38	4	28	10	20	56	40	35	1	39	13	22	49	69	23	80	10	53	27	2	76	49	57	90	59	62	81	56	39	86	59	2	34	28	77	10	47	14	55	47	33	94	65	
62	39	79	39	40	50	38	87	17	64	26	84	97	34	91	42	44	40	58	56	47	91	87	77	51	27	9	56	37	68	12	92	33	26	87	77	84	27	50	43	37	95	31	86	74	38	61	97	31	45	
3	69	28	46	24	85	4	17	61	66	62	62	85	42	82	60	47	45	5	14	88	60	7	95	64	36	35	34	61	83	78	87	42	51	97	24	33	50	36	88	23	62	29	49	24	74	56	92	55	23	
17	46	64	53	63	36	28	64	66	91	13	85	93	64	65	48	43	26	46	19	56	73	100	75	32	29	68	70	42	92	54	61	18	32	33	35	91	68	55	70	84	40	61	48	39	78	61	50	83	10	
99	24	32	5	86	59	10	26	62	13	99	64	84	45	38	56	47	90	63	60	67	75	9	63	30	18	16	26	76	29	17	9	85	89	88	77	34	92	91	69	4	58	76	70	53	70	12	19	60	91	
69	80	24	45	72	4	20	84	62	85	64	72	72	77	66	69	49	80	77	70	98	67	92	53	13	97	74	44	99	26	45	54	11	75	72	49	43	98	28	53	55	96	68	80	94	28	65	8	41	56	
31	100	21	23	25	33	56	97	85	93	84	72	9	100	64	48	32	96	48	20	91	48	30	35	4	23	18	33	62	90	86	99	25	36	56	58	59	87	89	48	52	2	23	99	67	41	50	35	35	69	
19	34	93	58	9	37	40	34	42	64	45	77	100	25	92	97	22	66	75	28	26	66	73	44	13	9	53	43	55	89	10	80	31	15	79	84	85	46	35	4	83	98	48	66	23	86	66	41	58	69	
32	14	57	2	79	33	35	91	82	65	38	66	64	92	30	14	94	98	87	69	63	72	94	33	57	65	72	81	42	50	29	99	4	15	21	9	62	42	6	86	63	66	15	85	82	28	88	79	97	100	
59	4	71	39	10	28	1	42	60	48	56	69	48	97	14	21	79	70	67	7	64	15	95	14	82	14	91	54	7	46	14	67	11	27	3	82	8	95	95	14	41	77	85	81	63	78	61	13	43	39	
16	44	61	24	39	23	39	44	47	43	47	49	32	22	94	79	86	81	46	25	42	75	81	28	47	6	97	72	82	63	57	53	85	13	68	44	83	81	52	100	76	62	98	16	31	14	9	17	8	71	
9	27	97	28	13	66	13	40	45	26	90	80	96	66	98	70	81	30	81	36	91	15	1	89	91	53	83	100	48	87	94	35	33	65	10	79	8	96	83	46	73	44	80	68	59	55	49	24	45	70	
8	5	21	17	70	58	22	58	5	46	63	77	48	75	87	67	46	81	80	71	46	74	96	74	91	59	82	15	3	14	76	15	67	70	58	54	63	57	11	10	87	2	54	28	41	48	31	1	3	31	
61	74	77	4	36	19	49	56	14	19	60	70	20	28	69	7	25	36	71	47	90	84	41	13	72	61	34	75	70	48	91	78	95	14	13	48	91	92	14	13	82	42	60	51	14	92	93	76	24	71	
10	61	3	41	38	40	69	47	88	56	67	98	91	26	63	64	42	91	46	90	36	57	12	17	72	4	50	41	94	80	93	68	96	39	4	20	89	92	78	81	49	94	46	69	9	19	98	100	10	37	
20	62	55	40	25	74	23	91	60	73	75	67	48	66	72	15	75	15	74	84	57	65	62	14	100	56	98	39	83	41	11	42	51	9	25	23	21	44	67	73	87	94	48	16	41	45	95	74	45	7	
2	36	80	25	33	79	80	87	7	100	9	92	30	73	94	95	81	1	96	41	12	62	58	48	65	42	63	88	33	13	43	76	78	52	69	100	35	19	79	39	60	86	44	32	92	96	53	46	57	62	
98	75	55	37	16	60	10	77	95	75	63	53	35	44	33	14	28	89	74	13	17	14	48	38	57	96	14	58	93	91	22	9	26	88	90	50	57	38	51	28	81	61	96	58	35	75	91	94	47	40	
23	95	23	77	75	72	53	51	64	32	30	13	4	13	57	82	47	91	91	72	72	100	65	57	30	73	29	44	10	32	17	26	69	90	41	87	52	9	96	24	28	94	27	98	58	40	85	41	76	67	
11	32	37	45	50	92	27	27	36	29	18	97	23	9	65	14	6	53	59	61	4	56	42	96	73	53	41	15	6	23	75	51	32	81	45	18	11	56	99	81	81	74	26	66	42	55	98	41	62	49	
42	64	36	25	40	94	2	9	35	68	16	74	18	53	72	91	97	83	82	34	50	98	63	14	29	41	58	29	27	9	65	99	67	93	8	39	74	12	65	37	11	55	25	90	21	94	90	80	26	86	
65	44	33	12	67	48	76	56	34	70	26	44	33	43	81	54	72	100	15	75	41	39	88	58	44	15	29	71	56	92	78	3	18	61	40	94	33	47	5	79	18	46	73	98	35	63	69	54	64	18	
85	57	73	15	69	99	49	37	61	42	76	99	62	55	42	7	82	48	3	70	94	83	33	93	10	6	27	56	51	92	21	25	91	89	76	16	82	74	7	59	75	5	68	26	67	61	7	94	51	82	
89	16	29	6	14	88	57	68	83	92	29	26	90	89	50	46	63	87	14	48	80	41	13	91	32	23	9	92	92	51	87	69	59	33	20	20	7	55	97	84	99	88	64	95	2	33	39	82	23	56	
78	17	90	13	22	51	90	12	78	54	17	45	86	10	29	14	57	94	76	91	93	11	43	22	17	75	65	78	21	87	8	72	15	85	17	50	90	8	12	42	87	57	65	16	65	66	66	9	84	7	
5	27	87	83	38	45	59	92	87	61	9	54	99	80	99	67	53	35	15	78	68	42	76	9	26	51	99	3	25	69	72	82	95	63	8	76	74	27	42	100	53	78	27	18	33	56	65	94	14	26	
79	64	40	3	13	15	62	33	42	18	85	11	25	31	4	11	85	33	67	95	96	51	78	26	69	32	67	18	91	59	15	95	19	70	14	1	22	28	89	19	96	13	84	53	51	1	90	40	80	59	
43	83	66	51	20	64	81	26	51	32	89	75	36	15	15	27	13	65	70	14	39	9	52	88	90	81	93	61	89	33	85	63	70	20	11	2	86	27	17	55	75	50	53	52	11	22	83	87	77	76	
90	34	89	29	65	29	56	87	97	33	88	72	56	79	21	3	68	10	58	13	4	25	69	90	41	45	8	40	76	20	17	8	14	11	91	77	65	50	33	29	5	63	76	81	77	78	77	8	92	28	
20	65	90	49	93	21	39	77	24	35	77	49	58	84	9	82	44	79	54	48	20	23	100	50	87	18	39	94	16	20	50	76	1	2	77	12	8	67	11	97	4	56	57	72	12	44	96	23	41	5	
58	88	7	40	52	97	86	84	33	91	34	43	59	85	62	8	83	8	63	91	89	21	35	57	52	11	74	33	82	7	90	74	22	86	65	8	3	6	7	60	45	98	95	40	96	46	98	27	53	8	
35	44	99	66	99	82	59	27	50	68	92	98	87	46	42	95	81	96	57	92	92	44	19	38	9	56	12	47	74	55	8	27	28	27	50	67	6	26	82	29	2	10	20	63	59	53	65	62	26	74	
41	47	34	33	94	17	2	50	36	55	91	28	89	35	6	95	52	83	11	14	78	67	79	51	96	99	65	5	7	97	12	42	89	17	33	11	7	82	15	16	27	47	92	14	74	55	8	25	63	36	
37	8	8	16	4	6	34	43	88	70	69	53	48	4	86	14	100	46	10	13	81	73	39	28	24	81	37	79	59	84	42	100	19	55	29	97	60	29	16	54	39	40	15	88	62	20	54	68	53	45	
10	15	69	87	34	20	28	37	23	84	4	55	52	83	63	41	76	73	87	82	49	87	60	81	28	81	11	18	75	99	87	53	96	75	5	4	45	2	27	39	38	65	61	7	38	64	91	36	11	48	
14	47	79	67	64	20	77	95	62	40	58	96	2	98	66	77	62	44	2	42	94	94	86	61	94	74	55	46	5	88	57	78	13	50	63	56	98	10	47	40	65	54	73	36	82	96	82	36	40	5	
19	97	75	37	35	62	10	31	29	61	76	68	23	48	15	85	98	80	54	60	46	48	44	96	27	26	25	73	68	64	65	27	84	53	76	57	95	20	92	15	61	73	46	59	56	24	29	34	27	4	
31	14	52	6	56	46	47	86	49	48	70	80	99	66	85	81	16	68	28	51	69	16	32	58	98	66	90	98	26	95	16	18	53	52	81	72	40	63	14	88	7	36	59	4	54	3	27	64	70	90	
34	46	78	74	97	15	14	74	24	39	53	94	67	23	82	63	31	59	41	14	9	41	92	35	58	42	21	35	67	2	65	33	51	11	77	12	96	59	74	62	38	82	56	54	60	5	14	69	94	12	
81	48	30	63	1	95	55	38	74	78	70	28	41	86	28	78	14	55	48	92	19	45	96	75	40	55	94	63	61	33	66	56	1	22	78	44	46	53	55	20	64	96	24	3	5	92	19	50	56	1	
1	67	19	50	42	39	47	61	56	61	12	65	50	66	88	61	9	49	31	93	98	95	53	91	85	98	90	69	7	39	66	65	90	83	77	96	98	65	8	54	91	82	29	27	14	19	68	46	97	22	
82	84	22	14	1	94	33	97	92	50	19	8	35	41	79	13	17	24	1	76	100	74	46	94	41	41	80	54	94	82	9	94	40	87	8	23	27	62	25	68	36	36	34	64	69	50	46	52	61	59	
93	86	95	15	89	64	94	31	55	83	60	41	35	58	97	43	8	45	3	24	10	45	57	47	76	62	26	64	51	23	84	14	80	77	92	41	53	26	63	53	11	40	27	70	94	56	97	61	78	83	
35	47	84	70	7	17	65	45	23	10	91	56	69	69	100	39	71	70	31	71	37	7	62	40	67	49	86	18	82	56	7	26	59	76	28	5	8	74	36	45	48	5	4	90	12	1	22	59	83	4	
