50
1430
18	84	2	97	57	11	67	17	96	63	27	94	56	37	50	67	83	9	25	83	34	54	59	19	5	22	94	94	87	78	22	40	39	40	77	27	2	28	61	34	29	24	76	46	83	71	92	35	97	61	
79	29	37	1	3	96	20	19	53	68	42	1	17	52	83	60	52	21	98	18	95	43	14	57	25	48	75	18	68	34	7	22	5	34	56	89	60	61	75	77	14	28	90	42	62	26	42	28	27	4	
29	67	91	94	83	53	21	16	62	45	23	33	21	8	20	54	65	12	33	52	12	62	49	70	33	88	53	50	28	23	6	34	83	65	4	8	61	10	74	30	80	72	13	84	99	25	86	77	89	7	
37	91	76	68	80	4	25	54	52	70	36	57	68	58	57	96	26	44	92	95	37	55	70	87	89	74	64	34	40	23	80	92	53	15	24	32	27	48	29	32	67	7	13	32	51	65	39	55	82	91	
1	94	68	94	37	77	74	72	2	13	52	52	87	35	32	62	22	28	29	79	48	47	58	43	19	8	53	87	27	40	80	82	78	36	6	39	9	11	95	51	3	46	68	62	31	8	19	53	48	89	
3	83	80	37	86	64	80	66	3	33	88	66	1	95	23	43	84	96	7	91	60	34	32	68	11	87	80	17	13	47	6	99	29	1	88	69	89	25	32	48	62	20	9	77	61	83	62	13	18	3	
96	53	4	77	64	4	89	86	22	67	78	14	81	19	29	59	94	75	27	57	92	63	71	4	30	42	87	77	97	66	17	64	61	62	9	93	9	89	68	42	24	89	84	35	12	26	34	52	96	100	
20	21	25	74	80	89	39	63	96	93	48	37	76	43	14	46	37	89	86	42	95	42	49	59	33	81	36	50	7	64	51	75	2	38	86	75	83	44	76	40	51	82	70	55	44	23	22	1	50	65	
19	16	54	72	66	86	63	72	21	62	30	64	38	64	74	53	99	82	20	32	99	53	36	64	69	55	32	17	45	93	65	48	27	63	52	20	2	71	56	52	15	27	83	1	53	87	19	66	29	74	
53	62	52	2	3	22	96	21	60	11	1	55	88	40	94	90	38	55	92	11	99	63	22	2	56	91	94	92	26	65	46	94	29	52	55	18	68	93	10	83	62	88	55	35	4	86	26	46	93	55	
68	45	70	13	33	67	93	62	11	13	96	72	36	62	58	87	31	83	38	78	67	56	54	97	66	91	47	59	2	67	10	27	3	22	79	66	99	78	23	25	84	38	29	38	98	20	15	70	11	81	
42	23	36	52	88	78	48	30	1	96	59	80	82	79	50	72	21	47	32	33	66	33	49	15	64	36	12	35	4	80	92	60	8	89	24	84	11	17	35	70	14	16	37	85	39	18	71	91	37	12	
1	33	57	52	66	14	37	64	55	72	80	51	30	88	45	9	94	14	51	48	91	37	9	98	83	90	43	46	81	35	86	6	22	84	90	30	98	12	13	12	72	31	74	20	42	40	94	84	35	48	
17	21	68	87	1	81	76	38	88	36	82	30	6	60	85	98	16	85	37	25	70	50	29	57	80	56	35	46	35	11	32	26	77	93	85	99	72	34	29	94	68	22	30	99	98	64	25	73	64	79	
52	8	58	35	95	19	43	64	40	62	79	88	60	48	97	43	100	48	7	12	76	90	40	71	51	46	62	55	74	67	61	58	34	90	17	66	78	69	64	17	19	32	20	56	70	23	17	60	38	36	
83	20	57	32	23	29	14	74	94	58	50	45	85	97	48	20	17	48	68	72	30	40	53	50	93	91	93	93	18	70	81	37	34	26	45	27	17	69	20	83	36	66	14	82	54	43	100	3	54	23	
60	54	96	62	43	59	46	53	90	87	72	9	98	43	20	52	35	13	71	70	87	19	58	87	39	17	26	70	59	58	43	2	31	66	35	2	27	97	23	24	21	73	55	78	26	17	73	10	11	15	
52	65	26	22	84	94	37	99	38	31	21	94	16	100	17	35	91	51	14	5	35	66	14	95	36	62	19	28	22	47	86	57	89	13	70	31	83	2	40	4	65	1	33	75	40	13	65	67	54	7	
21	12	44	28	96	75	89	82	55	83	47	14	85	48	48	13	51	81	52	28	48	71	72	28	1	17	64	60	33	11	9	77	56	89	60	9	96	60	35	15	91	81	87	91	45	99	3	47	8	49	
98	33	92	29	7	27	86	20	92	38	32	51	37	7	68	71	14	52	42	88	25	90	34	43	22	15	74	32	26	14	67	3	69	16	90	36	98	85	8	75	24	12	52	78	90	32	91	51	97	54	
18	52	95	79	91	57	42	32	11	78	33	48	25	12	72	70	5	28	88	33	34	44	38	92	81	34	81	59	20	40	99	38	7	16	79	88	7	31	27	50	66	92	97	49	78	16	20	62	49	56	
95	12	37	48	60	92	95	99	99	67	66	91	70	76	30	87	35	48	25	34	57	92	37	62	83	11	65	27	48	85	75	54	49	52	100	11	78	51	32	4	95	17	35	71	49	19	60	68	66	7	
43	62	55	47	34	63	42	53	63	56	33	37	50	90	40	19	66	71	90	44	92	59	29	45	48	100	89	70	68	63	30	81	76	85	67	32	38	56	47	74	41	7	61	32	46	50	50	62	46	37	
14	49	70	58	32	71	49	36	22	54	49	9	29	40	53	58	14	72	34	38	37	29	61	54	62	9	50	77	36	63	92	73	81	35	4	64	75	54	84	41	80	76	18	14	56	62	46	1	44	74	
57	70	87	43	68	4	59	64	2	97	15	98	57	71	50	87	95	28	43	92	62	45	54	91	84	59	40	66	63	31	79	35	70	63	94	91	17	66	52	11	2	60	47	99	16	89	54	78	27	49	
25	33	89	19	11	30	33	69	56	66	64	83	80	51	93	39	36	1	22	81	83	48	62	84	3	22	93	69	6	55	64	99	25	16	49	39	63	77	54	93	93	100	16	97	57	11	23	6	76	71	
48	88	74	8	87	42	81	55	91	91	36	90	56	46	91	17	62	17	15	34	11	100	9	59	22	30	94	35	93	47	90	39	80	29	22	49	42	11	7	23	25	36	45	24	24	8	14	42	46	97	
75	53	64	53	80	87	36	32	94	47	12	43	35	62	93	26	19	64	74	81	65	89	50	40	93	94	97	2	85	9	1	99	38	31	80	27	23	61	11	66	77	83	8	18	97	83	49	19	96	29	
18	50	34	87	17	77	50	17	92	59	35	46	46	55	93	70	28	60	32	59	27	70	77	66	69	35	2	29	73	11	6	63	100	33	97	65	23	17	70	36	67	8	78	18	27	86	26	84	35	52	
68	28	40	27	13	97	7	45	26	2	4	81	35	74	18	59	22	33	26	20	48	68	36	63	6	93	85	73	52	36	73	69	23	32	2	52	6	81	99	91	88	42	85	18	66	40	36	25	48	29	
34	23	23	40	47	66	64	93	65	67	80	35	11	67	70	58	47	11	14	40	85	63	63	31	55	47	9	11	36	45	68	6	27	46	27	74	67	22	54	90	56	36	72	40	85	29	13	48	2	17	
7	6	80	80	6	17	51	65	46	10	92	86	32	61	81	43	86	9	67	99	75	30	92	79	64	90	1	6	73	68	87	31	56	43	51	83	45	54	74	94	11	51	23	42	39	10	91	70	51	28	
22	34	92	82	99	64	75	48	94	27	60	6	26	58	37	2	57	77	3	38	54	81	73	35	99	39	99	63	69	6	31	2	27	35	34	71	47	61	75	5	26	51	24	59	60	79	89	8	71	29	
5	83	53	78	29	61	2	27	29	3	8	22	77	34	34	31	89	56	69	7	49	76	81	70	25	80	38	100	23	27	56	27	61	32	30	30	87	25	86	71	84	29	84	38	35	23	69	48	69	78	
34	65	15	36	1	62	38	63	52	22	89	84	93	90	26	66	13	89	16	16	52	85	35	63	16	29	31	33	32	46	43	35	32	38	51	98	94	12	18	48	51	81	83	17	62	67	76	73	79	94	
56	4	24	6	88	9	86	52	55	79	24	90	85	17	45	35	70	60	90	79	100	67	4	94	49	22	80	97	2	27	51	34	30	51	8	51	19	46	6	52	13	20	99	90	59	12	94	92	31	97	
89	8	32	39	69	93	75	20	18	66	84	30	99	66	27	2	31	9	36	88	11	32	64	91	39	49	27	65	52	74	83	71	30	98	51	97	26	3	22	92	6	62	64	59	80	7	72	100	76	90	
60	61	27	9	89	9	83	2	68	99	11	98	72	78	17	27	83	96	98	7	78	38	75	17	63	42	23	23	6	67	45	47	87	94	19	26	57	63	40	37	19	50	53	10	43	67	75	50	42	46	
61	10	48	11	25	89	44	71	93	78	17	12	34	69	69	97	2	60	85	31	51	56	54	66	77	11	61	17	81	22	54	61	25	12	46	3	63	69	89	32	31	86	62	28	29	80	47	87	97	65	
75	74	29	95	32	68	76	56	10	23	35	13	29	64	20	23	40	35	8	27	32	47	84	52	54	7	11	70	99	54	74	75	86	18	6	22	40	89	52	8	13	13	40	88	58	24	17	5	93	22	
77	30	32	51	48	42	40	52	83	25	70	12	94	17	83	24	4	15	75	50	4	74	41	11	93	23	66	36	91	90	94	5	71	48	52	92	37	32	8	59	5	57	82	42	53	55	67	4	92	78	
14	80	67	3	62	24	51	15	62	84	14	72	68	19	36	21	65	91	24	66	95	41	80	2	93	25	77	67	88	56	11	26	84	51	13	6	19	31	13	5	99	15	42	61	18	27	11	15	65	85	
28	72	7	46	20	89	82	27	88	38	16	31	22	32	66	73	1	81	12	92	17	7	76	60	100	36	83	8	42	36	51	51	29	81	20	62	50	86	13	57	15	16	87	33	21	19	41	38	87	61	
90	13	13	68	9	84	70	83	55	29	37	74	30	20	14	55	33	87	52	97	35	61	18	47	16	45	8	78	85	72	23	24	84	83	99	64	53	62	40	82	42	87	58	20	20	38	70	57	95	32	
42	84	32	62	77	35	55	1	35	38	85	20	99	56	82	78	75	91	78	49	71	32	14	99	97	24	18	18	18	40	42	59	38	17	90	59	10	28	88	42	61	33	20	79	44	85	20	47	95	81	
62	99	51	31	61	12	44	53	4	98	39	42	98	70	54	26	40	45	90	78	49	46	56	16	57	24	97	27	66	85	39	60	35	62	59	80	43	29	58	53	18	21	20	44	43	61	60	80	57	16	
26	25	65	8	83	26	23	87	86	20	18	40	64	23	43	17	13	99	32	16	19	50	62	89	11	8	83	86	40	29	10	79	23	67	12	7	67	80	24	55	27	19	38	85	61	64	85	44	39	57	
42	86	39	19	62	34	22	19	26	15	71	94	25	17	100	73	65	3	91	20	60	50	46	54	23	14	49	26	36	13	91	89	69	76	94	72	75	47	17	67	11	41	70	20	60	85	78	18	56	54	
28	77	55	53	13	52	1	66	46	70	91	84	73	60	3	10	67	47	51	62	68	62	1	78	6	42	19	84	25	48	70	8	48	73	92	100	50	87	5	4	15	38	57	47	80	44	18	74	65	24	
27	89	82	48	18	96	50	29	93	11	37	35	64	38	54	11	54	8	97	49	66	46	44	27	76	46	96	35	48	2	51	71	69	79	31	76	42	97	93	92	65	87	95	95	57	39	56	65	88	91	
4	7	91	89	3	100	65	74	55	81	12	48	79	36	23	15	7	49	54	56	7	37	74	49	71	97	29	52	29	17	28	29	78	94	97	90	46	65	22	78	85	61	32	81	16	57	54	24	91	83	
