50
939
38	82	61	83	37	69	52	44	53	40	39	12	21	88	46	73	27	52	93	47	11	35	56	5	1	49	25	37	90	41	73	5	60	87	55	8	8	15	79	20	34	9	7	43	86	4	49	12	86	19	
31	14	32	55	92	70	62	32	93	20	54	62	27	90	23	46	28	9	21	42	23	99	8	46	12	43	20	73	43	59	64	25	26	36	62	35	44	62	68	41	85	90	35	28	17	57	74	95	27	79	
14	13	73	68	92	19	64	18	10	87	23	13	52	12	71	45	98	75	19	47	97	9	27	59	31	27	48	94	62	56	64	52	99	18	99	11	59	49	11	72	5	17	37	71	4	55	31	75	26	73	
32	73	20	49	69	44	20	6	48	60	4	34	34	88	35	21	79	53	60	63	7	94	95	60	89	15	90	35	20	75	52	1	87	91	19	40	45	48	90	28	10	32	45	82	41	81	39	1	76	66	
55	68	49	59	89	31	13	67	68	33	46	21	24	32	62	71	3	58	83	12	46	12	92	15	87	30	13	50	86	15	88	72	57	53	41	64	12	31	33	16	84	66	44	14	43	66	49	29	11	15	
92	92	69	89	100	47	33	9	3	25	58	35	2	62	42	38	85	77	6	70	93	46	71	96	57	92	63	64	29	93	40	93	49	98	33	90	96	43	79	53	84	73	59	19	68	88	98	40	72	43	
70	19	44	31	47	57	66	44	78	53	90	39	76	3	80	90	98	20	52	68	94	44	83	55	44	56	79	4	41	49	14	71	87	10	95	55	39	14	17	70	79	32	73	43	28	73	86	60	23	80	
62	64	20	13	33	66	43	65	69	27	81	88	25	89	38	85	3	95	69	66	85	27	30	24	21	43	38	1	69	54	95	41	41	67	13	38	31	63	93	27	23	75	17	80	30	66	80	9	20	36	
32	18	6	67	9	44	65	49	39	62	38	20	17	10	100	17	54	25	8	62	65	47	2	77	9	17	23	92	9	47	7	49	77	36	33	8	40	52	93	85	77	46	28	41	77	45	16	95	24	75	
93	10	48	68	3	78	69	39	91	64	87	43	86	77	82	4	67	47	6	41	50	80	98	35	36	99	13	3	21	48	2	64	64	97	58	96	65	59	100	41	72	34	13	27	65	92	59	34	69	11	
20	87	60	33	25	53	27	62	64	91	36	94	26	18	51	11	38	5	76	16	75	60	51	24	17	66	7	33	15	57	7	96	3	79	79	69	29	92	2	95	50	15	41	9	48	94	91	53	45	46	
54	23	4	46	58	90	81	38	87	36	78	94	43	9	4	2	95	95	1	89	62	27	36	2	65	33	29	56	63	87	15	74	33	59	89	76	88	71	19	97	57	98	28	99	35	74	55	61	33	50	
62	13	34	21	35	39	88	20	43	94	94	77	70	78	22	84	36	62	69	10	41	74	57	92	27	73	76	97	77	97	24	81	84	63	13	26	91	16	62	8	7	90	67	68	55	47	63	32	35	93	
27	52	34	24	2	76	25	17	86	26	43	70	39	48	53	63	15	33	7	59	51	43	43	11	35	9	95	44	14	87	58	64	59	9	39	76	95	11	31	43	27	16	58	43	35	16	16	33	96	61	
90	12	88	32	62	3	89	10	77	18	9	78	48	71	43	34	35	37	84	6	65	91	79	10	40	69	27	27	26	16	16	86	55	28	31	78	41	80	48	74	85	24	28	33	49	27	35	31	9	28	
23	71	35	62	42	80	38	100	82	51	4	22	53	43	43	83	90	62	14	29	18	20	61	9	58	18	25	92	97	67	89	30	77	7	70	91	45	13	56	73	86	47	3	45	66	45	14	82	28	55	
46	45	21	71	38	90	85	17	4	11	2	84	63	34	83	59	66	17	96	68	65	66	49	43	14	55	29	71	70	5	96	63	45	54	41	8	16	82	22	96	54	19	57	41	72	60	75	68	97	65	
28	98	79	3	85	98	3	54	67	38	95	36	15	35	90	66	98	21	20	56	69	28	69	92	97	50	21	98	84	52	56	20	99	24	96	27	86	13	56	38	9	4	65	21	31	19	50	58	81	70	
9	75	53	58	77	20	95	25	47	5	95	62	33	37	62	17	21	16	68	100	40	79	63	70	91	38	12	62	49	17	29	81	7	33	66	24	52	60	54	89	59	27	54	70	29	69	57	43	55	43	
21	19	60	83	6	52	69	8	6	76	1	69	7	84	14	96	20	68	19	81	96	22	13	89	64	33	25	70	77	94	61	16	95	93	30	88	90	35	6	28	11	97	23	28	74	12	7	61	1	37	
42	47	63	12	70	68	66	62	41	16	89	10	59	6	29	68	56	100	81	11	80	56	24	46	43	26	27	56	74	27	54	74	73	17	14	62	45	7	92	74	5	41	35	89	16	18	68	15	51	57	
23	97	7	46	93	94	85	65	50	75	62	41	51	65	18	65	69	40	96	80	59	81	31	25	76	17	29	12	6	59	6	83	50	94	38	85	79	94	21	85	34	81	10	21	69	62	21	57	68	66	
99	9	94	12	46	44	27	47	80	60	27	74	43	91	20	66	28	79	22	56	81	83	40	37	82	35	57	20	80	18	88	67	40	53	98	73	86	18	45	86	86	63	44	74	54	20	81	27	70	21	
8	27	95	92	71	83	30	2	98	51	36	57	43	79	61	49	69	63	13	24	31	40	30	69	34	87	46	18	40	99	61	1	51	50	92	84	14	60	9	66	70	47	95	78	86	29	74	83	76	21	
46	59	60	15	96	55	24	77	35	24	2	92	11	10	9	43	92	70	89	46	25	37	69	43	84	58	76	85	77	34	46	58	83	30	86	7	89	55	8	57	8	56	52	97	60	71	78	64	9	64	
12	31	89	87	57	44	21	9	36	17	65	27	35	40	58	14	97	91	64	43	76	82	34	84	41	40	52	85	86	69	81	56	71	72	12	31	6	89	4	38	14	71	98	22	1	70	34	70	79	43	
43	27	15	30	92	56	43	17	99	66	33	73	9	69	18	55	50	38	33	26	17	35	87	58	40	3	73	21	34	22	15	83	76	45	56	45	45	63	3	29	43	56	80	61	33	37	20	24	89	4	
20	48	90	13	63	79	38	23	13	7	29	76	95	27	25	29	21	12	25	27	29	57	46	76	52	73	18	27	100	50	21	33	12	99	33	8	82	10	86	59	67	51	71	89	23	61	77	48	30	81	
73	94	35	50	64	4	1	92	3	33	56	97	44	27	92	71	98	62	70	56	12	20	18	85	85	21	27	82	3	97	71	45	83	78	70	26	3	38	32	34	91	63	72	92	10	32	5	21	15	72	
43	62	20	86	29	41	69	9	21	15	63	77	14	26	97	70	84	49	77	74	6	80	40	77	86	34	100	3	84	100	2	73	47	59	98	14	17	19	16	14	79	18	67	80	87	47	12	46	5	45	
59	56	75	15	93	49	54	47	48	57	87	97	87	16	67	5	52	17	94	27	59	18	99	34	69	22	50	97	100	63	65	54	27	10	83	61	56	99	8	50	17	96	9	7	87	49	38	39	31	84	
64	64	52	88	40	14	95	7	2	7	15	24	58	16	89	96	56	29	61	54	6	88	61	46	81	15	21	71	2	65	33	79	58	57	13	76	8	40	13	74	10	58	67	82	38	10	68	49	32	39	
25	52	1	72	93	71	41	49	64	96	74	81	64	86	30	63	20	81	16	74	83	67	1	58	56	83	33	45	73	54	79	45	94	93	66	13	29	58	20	94	56	77	76	93	40	72	28	47	44	60	
26	99	87	57	49	87	41	77	64	3	33	84	59	55	77	45	99	7	95	73	50	40	51	83	71	76	12	83	47	27	58	94	17	89	26	74	16	89	57	66	7	38	73	77	56	34	100	76	63	15	
36	18	91	53	98	10	67	36	97	79	59	63	9	28	7	54	24	33	93	17	94	53	50	30	72	45	99	78	59	10	57	93	89	85	98	8	73	9	49	5	76	38	84	35	75	86	35	51	26	49	
62	99	19	41	33	95	13	33	58	79	89	13	39	31	70	41	96	66	30	14	38	98	92	86	12	56	33	70	98	83	13	66	26	98	74	15	93	20	90	52	50	95	66	95	72	78	96	67	62	100	
35	11	40	64	90	55	38	8	96	69	76	26	76	78	91	8	27	24	88	62	85	73	84	7	31	45	8	26	14	61	76	13	74	8	15	44	65	13	58	33	55	92	15	9	97	35	41	47	51	60	
44	59	45	12	96	39	31	40	65	29	88	91	95	41	45	16	86	52	90	45	79	86	14	89	6	45	82	3	17	56	8	29	16	73	93	65	30	95	29	65	54	11	80	76	76	39	14	42	56	82	
62	49	48	31	43	14	63	52	59	92	71	16	11	80	13	82	13	60	35	7	94	18	60	55	89	63	10	38	19	99	40	58	89	9	20	13	95	16	74	66	26	61	54	87	50	100	2	11	6	10	
68	11	90	33	79	17	93	93	100	2	19	62	31	48	56	22	56	54	6	92	21	45	9	8	4	3	86	32	16	8	13	20	57	49	90	58	29	74	2	47	65	62	32	77	75	23	24	13	57	88	
41	72	28	16	53	70	27	85	41	95	97	8	43	74	73	96	38	89	28	74	85	86	66	57	38	29	59	34	14	50	74	94	66	5	52	33	65	66	47	43	81	23	76	88	33	98	34	64	49	26	
85	5	10	84	84	79	23	77	72	50	57	7	27	85	86	54	9	59	11	5	34	86	70	8	14	43	67	91	79	17	10	56	7	76	50	55	54	26	65	81	5	25	6	1	83	77	55	43	4	56	
90	17	32	66	73	32	75	46	34	15	98	90	16	24	47	19	4	27	97	41	81	63	47	56	71	56	51	63	18	96	58	77	38	38	95	92	11	61	62	23	25	24	47	44	43	28	31	96	43	10	
35	37	45	44	59	73	17	28	13	41	28	67	58	28	3	57	65	54	23	35	10	44	95	52	98	80	71	72	67	9	67	76	73	84	66	15	80	54	32	76	6	47	73	68	29	66	40	33	68	45	
28	71	82	14	19	43	80	41	27	9	99	68	43	33	45	41	21	70	28	89	21	74	78	97	22	61	89	92	80	7	82	93	77	35	95	9	76	87	77	88	1	44	68	86	62	12	22	5	80	42	
17	4	41	43	68	28	30	77	65	48	35	55	35	49	66	72	31	29	74	16	69	54	86	60	1	33	23	10	87	87	38	40	56	75	72	97	76	50	75	33	83	43	29	62	82	67	69	38	48	94	
57	55	81	66	88	73	66	45	92	94	74	47	16	27	45	60	19	69	12	18	62	20	29	71	70	37	61	32	47	49	10	72	34	86	78	35	39	100	23	98	77	28	66	12	67	80	22	34	71	84	
74	31	39	49	98	86	80	16	59	91	55	63	16	35	14	75	50	57	7	68	21	81	74	78	34	20	77	5	12	38	68	28	100	35	96	41	14	2	24	34	55	31	40	22	69	22	41	91	16	19	
95	75	1	29	40	60	9	95	34	53	61	32	33	31	82	68	58	43	61	15	57	27	83	64	70	24	48	21	46	39	49	47	76	51	67	47	42	11	13	64	43	96	33	5	38	34	91	4	86	5	
27	26	76	11	72	23	20	24	69	45	33	35	96	9	28	97	81	55	1	51	68	70	76	9	79	89	30	15	5	31	32	44	63	26	62	51	56	6	57	49	4	43	68	80	48	71	16	86	53	86	
79	73	66	15	43	80	36	75	11	46	50	93	61	28	55	65	70	43	37	57	66	21	21	64	43	4	81	72	45	84	39	60	15	49	100	60	82	10	88	26	56	10	45	42	94	84	19	5	86	79	
