50
1272
54	88	83	4	53	5	90	27	65	87	41	70	12	1	89	39	15	58	54	68	63	68	91	81	57	91	38	85	65	61	6	80	35	27	25	40	100	91	64	27	72	81	22	82	36	46	65	76	57	29	
8	100	37	50	28	96	25	20	65	35	88	78	3	84	82	19	15	84	68	78	48	81	99	78	91	84	75	56	17	18	79	65	15	46	40	39	24	5	11	67	97	27	76	45	4	47	12	44	60	49	
100	88	73	14	32	83	97	36	19	95	70	23	60	73	37	62	29	30	24	55	61	57	91	16	17	43	20	72	25	83	28	20	59	48	34	30	74	35	12	4	28	6	91	32	98	49	92	29	51	87	
37	73	31	82	30	63	70	38	59	37	21	20	83	11	95	55	97	71	51	9	86	26	92	15	82	18	29	81	18	69	21	96	97	80	86	3	58	2	77	92	70	53	43	67	62	42	97	2	90	95	
50	14	82	73	26	86	85	98	28	25	90	41	4	21	79	90	53	39	3	73	92	62	89	20	71	52	43	38	26	49	2	44	24	58	49	76	70	99	86	83	62	22	74	73	36	55	54	90	51	29	
28	32	30	26	55	93	72	97	11	29	2	21	40	55	39	42	29	88	100	38	27	39	74	71	59	95	77	30	65	44	46	8	71	36	67	4	61	77	44	20	13	63	82	75	79	89	63	31	27	39	
96	83	63	86	93	47	97	94	64	19	8	85	34	9	16	37	47	99	100	42	6	36	42	33	51	55	95	34	9	21	24	30	16	90	62	88	55	80	21	14	37	56	16	87	90	36	54	1	18	15	
25	97	70	85	72	97	19	28	94	36	81	29	19	80	21	92	64	85	13	43	49	14	9	96	42	53	97	93	94	94	34	2	45	20	81	13	40	67	94	74	2	2	23	13	12	26	30	54	26	93	
20	36	38	98	97	94	28	58	16	37	95	11	34	74	14	28	60	85	78	52	75	22	54	68	89	82	58	45	40	18	24	56	28	44	13	89	83	44	22	95	85	33	32	52	26	47	59	86	100	78	
65	19	59	28	11	64	94	16	52	49	33	21	73	75	69	43	4	20	50	62	34	53	60	57	18	46	84	25	48	26	33	18	28	3	40	22	42	86	86	18	92	2	15	28	16	98	83	56	23	11	
35	95	37	25	29	19	36	37	49	2	87	25	50	31	25	82	4	3	25	14	46	53	58	67	59	25	19	87	50	91	84	44	50	46	15	73	79	59	87	51	65	15	62	45	51	41	95	90	15	7	
88	70	21	90	2	8	81	95	33	87	77	17	97	81	51	93	25	33	15	46	88	38	24	59	31	43	64	93	83	29	99	10	34	78	7	99	80	98	41	72	70	97	69	39	9	38	63	84	1	92	
78	23	20	41	21	85	29	11	21	25	17	3	8	76	38	57	34	32	98	60	70	36	20	18	68	87	19	35	6	100	87	88	41	92	21	53	30	88	95	97	47	80	24	25	85	17	32	57	12	97	
3	60	83	4	40	34	19	34	73	50	97	8	69	49	89	1	15	50	25	92	45	71	9	98	5	22	10	54	57	70	54	73	74	63	67	41	76	93	52	56	67	13	92	17	88	38	99	84	51	87	
84	73	11	21	55	9	80	74	75	31	81	76	49	46	71	7	48	28	45	16	16	66	13	79	15	3	40	40	34	29	52	86	2	39	88	100	58	81	65	54	98	18	72	34	27	60	85	12	8	7	
82	37	95	79	39	16	21	14	69	25	51	38	89	71	5	37	5	34	7	65	86	82	43	29	71	77	33	69	58	6	86	21	82	21	97	50	90	14	61	3	41	5	83	70	54	72	95	27	9	97	
19	62	55	90	42	37	92	28	43	82	93	57	1	7	37	4	87	47	52	55	63	27	52	57	96	28	44	87	49	16	41	66	8	85	95	69	75	86	12	9	26	12	13	40	87	59	15	84	54	87	
15	29	97	53	29	47	64	60	4	4	25	34	15	48	5	87	58	88	68	9	28	6	12	76	82	97	48	34	36	91	89	72	8	42	62	45	12	25	11	98	14	68	56	49	97	84	34	60	47	62	
84	30	71	39	88	99	85	85	20	3	33	32	50	28	34	47	88	51	29	56	51	21	65	44	62	20	72	60	73	68	48	10	61	54	70	97	88	66	61	59	45	14	38	66	79	52	46	81	67	69	
68	24	51	3	100	100	13	78	50	25	15	98	25	45	7	52	68	29	41	66	62	48	93	20	79	88	27	98	12	79	17	1	67	18	13	95	83	85	85	91	63	20	87	22	25	20	34	82	54	100	
78	55	9	73	38	42	43	52	62	14	46	60	92	16	65	55	9	56	66	8	22	97	35	12	1	68	87	2	29	57	28	78	70	56	32	28	28	12	82	61	91	96	32	41	57	2	37	93	62	24	
48	61	86	92	27	6	49	75	34	46	88	70	45	16	86	63	28	51	62	22	70	89	3	6	41	92	99	68	51	79	47	63	58	41	1	94	57	79	69	71	57	23	9	22	32	66	60	5	6	26	
81	57	26	62	39	36	14	22	53	53	38	36	71	66	82	27	6	21	48	97	89	74	31	80	60	39	55	85	33	71	21	47	16	24	93	89	81	3	10	57	14	59	35	75	8	88	97	97	63	92	
99	91	92	89	74	42	9	54	60	58	24	20	9	13	43	52	12	65	93	35	3	31	3	28	37	26	50	22	77	59	51	62	44	30	65	90	71	54	49	3	6	65	29	9	63	22	4	89	84	56	
78	16	15	20	71	33	96	68	57	67	59	18	98	79	29	57	76	44	20	12	6	80	28	28	85	42	78	77	57	9	23	32	31	60	23	62	36	100	28	94	88	39	8	12	66	6	28	19	4	20	
91	17	82	71	59	51	42	89	18	59	31	68	5	15	71	96	82	62	79	1	41	60	37	85	82	16	25	53	89	11	13	32	20	100	26	30	55	27	71	34	63	91	28	13	15	83	39	23	41	9	
84	43	18	52	95	55	53	82	46	25	43	87	22	3	77	28	97	20	88	68	92	39	26	42	16	88	5	10	91	79	41	8	6	76	36	91	18	32	29	98	4	63	74	29	80	7	34	41	52	70	
75	20	29	43	77	95	97	58	84	19	64	19	10	40	33	44	48	72	27	87	99	55	50	78	25	5	56	95	77	88	11	65	33	90	71	72	33	50	50	90	89	43	62	2	81	71	18	6	96	66	
56	72	81	38	30	34	93	45	25	87	93	35	54	40	69	87	34	60	98	2	68	85	22	77	53	10	95	10	44	86	96	84	59	53	37	25	4	38	22	70	100	97	26	78	17	66	74	9	81	5	
17	25	18	26	65	9	94	40	48	50	83	6	57	34	58	49	36	73	12	29	51	33	77	57	89	91	77	44	7	35	12	50	61	34	49	8	9	32	9	44	81	79	56	96	31	73	62	41	27	23	
18	83	69	49	44	21	94	18	26	91	29	100	70	29	6	16	91	68	79	57	79	71	59	9	11	79	88	86	35	76	7	66	22	10	20	75	18	98	40	79	37	60	26	90	42	14	58	45	16	24	
79	28	21	2	46	24	34	24	33	84	99	87	54	52	86	41	89	48	17	28	47	21	51	23	13	41	11	96	12	7	77	66	83	41	75	59	56	52	27	2	1	85	8	24	7	45	76	30	43	63	
65	20	96	44	8	30	2	56	18	44	10	88	73	86	21	66	72	10	1	78	63	47	62	32	32	8	65	84	50	66	66	67	15	58	13	65	47	40	1	92	64	73	9	20	97	19	6	97	24	94	
15	59	97	24	71	16	45	28	28	50	34	41	74	2	82	8	8	61	67	70	58	16	44	31	20	6	33	59	61	22	83	15	54	25	41	34	55	36	83	4	18	6	86	69	20	69	86	33	60	71	
46	48	80	58	36	90	20	44	3	46	78	92	63	39	21	85	42	54	18	56	41	24	30	60	100	76	90	53	34	10	41	58	25	12	72	67	97	81	59	25	12	15	46	2	99	54	59	90	78	92	
40	34	86	49	67	62	81	13	40	15	7	21	67	88	97	95	62	70	13	32	1	93	65	23	26	36	71	37	49	20	75	13	41	72	13	73	79	60	65	34	41	12	12	86	59	80	54	28	74	38	
39	30	3	76	4	88	13	89	22	73	99	53	41	100	50	69	45	97	95	28	94	89	90	62	30	91	72	25	8	75	59	65	34	67	73	7	9	61	25	69	58	59	84	60	42	54	12	7	8	65	
24	74	58	70	61	55	40	83	42	79	80	30	76	58	90	75	12	88	83	28	57	81	71	36	55	18	33	4	9	18	56	47	55	97	79	9	84	55	62	79	56	64	70	89	27	52	67	51	42	99	
5	35	2	99	77	80	67	44	86	59	98	88	93	81	14	86	25	66	85	12	79	3	54	100	27	32	50	38	32	98	52	40	36	81	60	61	55	1	31	33	88	19	8	40	22	52	42	45	19	25	
11	12	77	86	44	21	94	22	86	87	41	95	52	65	61	12	11	61	85	82	69	10	49	28	71	29	50	22	9	40	27	1	83	59	65	25	62	31	55	10	92	86	82	7	21	55	29	58	32	57	
67	4	92	83	20	14	74	95	18	51	72	97	56	54	3	9	98	59	91	61	71	57	3	94	34	98	90	70	44	79	2	92	4	25	34	69	79	33	10	29	18	5	55	80	34	96	9	64	72	69	
97	28	70	62	13	37	2	85	92	65	70	47	67	98	41	26	14	45	63	91	57	14	6	88	63	4	89	100	81	37	1	64	18	12	41	58	56	88	92	18	47	64	67	36	13	76	18	48	20	19	
27	6	53	22	63	56	2	33	2	15	97	80	13	18	5	12	68	14	20	96	23	59	65	39	91	63	43	97	79	60	85	73	6	15	12	59	64	19	86	5	64	60	5	3	53	81	39	16	42	37	
76	91	43	74	82	16	23	32	15	62	69	24	92	72	83	13	56	38	87	32	9	35	29	8	28	74	62	26	56	26	8	9	86	46	12	84	70	8	82	55	67	5	33	70	47	84	67	33	12	39	
45	32	67	73	75	87	13	52	28	45	39	25	17	34	70	40	49	66	22	41	22	75	9	12	13	29	2	78	96	90	24	20	69	2	86	60	89	40	7	80	36	3	70	81	69	46	15	84	1	84	
4	98	62	36	79	90	12	26	16	51	9	85	88	27	54	87	97	79	25	57	32	8	63	66	15	80	81	17	31	42	7	97	20	99	59	42	27	22	21	34	13	53	47	69	7	8	12	25	93	53	
47	49	42	55	89	36	26	47	98	41	38	17	38	60	72	59	84	52	20	2	66	88	22	6	83	7	71	66	73	14	45	19	69	54	80	54	52	52	55	96	76	81	84	46	8	100	37	15	100	22	
12	92	97	54	63	54	30	59	83	95	63	32	99	85	95	15	34	46	34	37	60	97	4	28	39	34	18	74	62	58	76	6	86	59	54	12	67	42	29	9	18	39	67	15	12	37	47	35	49	31	
44	29	2	90	31	1	54	86	56	90	84	57	84	12	27	84	60	81	82	93	5	97	89	19	23	41	6	9	41	45	30	97	33	90	28	7	51	45	58	64	48	16	33	84	25	15	35	5	63	83	
60	51	90	51	27	18	26	100	23	15	1	12	51	8	9	54	47	67	54	62	6	63	84	4	41	52	96	81	27	16	43	24	60	78	74	8	42	19	32	72	20	42	12	1	93	100	49	63	21	1	
49	87	95	29	39	15	93	78	11	7	92	97	87	7	97	87	62	69	100	24	26	92	56	20	9	70	66	5	23	24	63	94	71	92	38	65	99	25	57	69	19	37	39	84	53	22	31	83	1	28	
