50
1366
62	36	97	67	13	25	80	50	13	62	82	24	78	19	84	33	100	42	10	39	56	17	23	39	60	21	23	96	91	19	20	56	43	63	90	58	35	29	30	23	72	83	35	46	99	21	52	38	59	67	
35	55	39	2	28	98	91	82	70	2	50	72	28	67	69	26	41	25	79	7	12	17	79	10	46	80	58	37	55	63	49	9	100	26	76	60	46	100	9	86	95	21	38	5	98	78	35	78	2	29	
55	74	81	98	94	37	71	18	15	82	58	53	66	87	93	19	14	88	83	33	2	85	14	45	29	38	71	84	93	7	35	85	65	87	82	92	64	15	26	59	39	68	43	40	94	9	65	7	33	39	
39	81	5	16	30	31	6	39	16	11	58	79	10	53	69	59	26	36	10	31	82	10	46	46	55	69	47	32	49	54	40	52	2	63	71	69	56	24	96	2	80	23	70	77	47	22	43	73	23	82	
2	98	16	56	34	50	51	81	44	32	46	6	69	37	100	24	12	94	69	40	45	69	53	39	69	92	27	23	44	85	91	49	20	83	24	20	89	25	64	62	27	98	85	98	65	64	62	10	99	81	
28	94	30	34	81	22	66	83	38	45	32	2	56	7	48	63	99	30	19	40	16	95	80	69	24	32	97	14	79	39	89	72	53	11	98	31	16	99	1	16	82	27	47	77	84	85	70	96	8	25	
98	37	31	50	22	43	68	46	79	15	66	68	70	45	80	40	16	54	56	44	95	24	44	5	63	56	73	39	46	55	81	58	94	17	93	90	82	41	53	35	2	9	26	68	84	86	90	47	32	93	
91	71	6	51	66	68	46	8	46	2	19	46	58	80	49	73	50	79	36	22	57	26	21	5	3	21	12	6	19	74	82	65	5	38	76	19	1	98	13	26	50	16	98	72	89	36	10	43	8	97	
82	18	39	81	83	46	8	98	40	30	90	61	76	57	90	49	10	57	29	17	71	78	47	62	67	29	75	65	57	11	17	29	39	67	51	2	22	47	12	64	29	3	48	79	5	25	55	99	30	34	
70	15	16	44	38	79	46	40	64	28	8	51	1	31	90	76	59	72	2	34	50	62	1	78	94	47	69	54	99	21	40	57	22	80	49	17	90	51	71	59	79	37	61	99	23	58	6	61	40	39	
2	82	11	32	45	15	2	30	28	10	76	34	82	20	56	82	85	40	55	51	72	24	19	41	52	58	72	80	3	96	62	21	83	38	14	1	10	33	99	75	99	34	50	45	17	44	61	43	75	46	
50	58	58	46	32	66	19	90	8	76	54	44	96	81	60	46	23	28	78	62	32	28	94	89	83	97	83	35	15	31	62	43	54	37	76	27	90	87	51	94	11	60	82	58	66	32	14	70	56	65	
72	53	79	6	2	68	46	61	51	34	44	15	14	81	44	68	99	88	94	57	2	92	100	29	95	87	26	24	55	14	72	93	92	48	13	10	100	84	56	58	17	42	14	5	67	90	27	85	28	97	
28	66	10	69	56	70	58	76	1	82	96	14	25	22	77	51	81	16	49	9	54	9	44	7	8	71	47	70	79	42	84	13	10	14	29	43	96	65	54	32	14	23	45	20	44	95	83	30	7	68	
67	87	53	37	7	45	80	57	31	20	81	81	22	42	55	14	90	15	73	38	24	100	48	30	50	24	73	18	10	100	4	57	54	78	6	55	66	16	13	52	25	18	61	66	18	71	88	10	18	94	
69	93	69	100	48	80	49	90	90	56	60	44	77	55	85	62	59	32	31	80	14	100	88	65	67	69	6	56	11	84	19	71	14	54	82	62	17	49	68	31	42	25	53	37	41	38	81	51	43	39	
26	19	59	24	63	40	73	49	76	82	46	68	51	14	62	24	18	80	87	65	81	1	84	13	63	29	8	54	46	27	29	8	48	29	98	9	29	55	8	27	70	66	21	2	54	98	14	94	98	11	
41	14	26	12	99	16	50	10	59	85	23	99	81	90	59	18	8	97	38	5	72	44	66	51	45	81	11	90	21	9	65	70	82	52	46	64	94	67	4	60	18	77	78	48	5	42	66	23	69	91	
25	88	36	94	30	54	79	57	72	40	28	88	16	15	32	80	97	88	67	23	43	87	10	45	26	59	33	41	39	94	35	15	88	14	13	1	34	88	47	40	46	20	9	52	9	52	54	53	76	14	
79	83	10	69	19	56	36	29	2	55	78	94	49	73	31	87	38	67	46	48	66	47	1	85	35	77	47	16	76	55	55	67	39	85	41	98	38	10	8	87	22	39	61	74	70	3	82	35	95	16	
7	33	31	40	40	44	22	17	34	51	62	57	9	38	80	65	5	23	48	60	90	59	49	98	98	7	19	25	78	59	51	79	1	6	67	44	93	14	26	89	21	63	91	79	9	97	83	73	31	97	
12	2	82	45	16	95	57	71	50	72	32	2	54	24	14	81	72	43	66	90	44	82	47	5	59	69	27	79	6	72	80	73	69	12	82	40	18	43	68	61	11	23	89	25	85	12	7	77	74	71	
17	85	10	69	95	24	26	78	62	24	28	92	9	100	100	1	44	87	47	59	82	35	16	21	65	31	41	69	8	61	30	79	20	80	69	99	6	14	87	14	91	71	4	87	47	88	25	68	21	94	
79	14	46	53	80	44	21	47	1	19	94	100	44	48	88	84	66	10	1	49	47	16	56	17	34	72	51	29	35	99	85	27	22	23	49	19	45	41	18	24	61	46	77	47	72	69	87	60	29	23	
10	45	46	39	69	5	5	62	78	41	89	29	7	30	65	13	51	45	85	98	5	21	17	92	11	96	59	75	45	31	34	23	83	39	44	45	61	51	9	35	90	7	28	71	64	44	75	99	44	80	
46	29	55	69	24	63	3	67	94	52	83	95	8	50	67	63	45	26	35	98	59	65	34	11	41	97	3	58	22	15	30	73	63	33	3	10	79	22	39	35	97	29	51	75	54	11	39	32	51	99	
80	38	69	92	32	56	21	29	47	58	97	87	71	24	69	29	81	59	77	7	69	31	72	96	97	45	76	2	30	83	23	1	41	95	75	59	5	100	79	95	40	69	51	30	66	47	67	38	34	97	
58	71	47	27	97	73	12	75	69	72	83	26	47	73	6	8	11	33	47	19	27	41	51	59	3	76	55	51	16	2	33	64	52	75	28	59	6	54	9	87	23	10	87	51	39	100	37	53	74	100	
37	84	32	23	14	39	6	65	54	80	35	24	70	18	56	54	90	41	16	25	79	69	29	75	58	2	51	64	67	23	80	75	40	79	68	45	39	30	82	76	91	38	90	43	31	78	87	92	27	7	
55	93	49	44	79	46	19	57	99	3	15	55	79	10	11	46	21	39	76	78	6	8	35	45	22	30	16	67	37	42	35	53	47	53	66	45	9	32	14	47	31	46	12	32	42	84	80	88	38	48	
63	7	54	85	39	55	74	11	21	96	31	14	42	100	84	27	9	94	55	59	72	61	99	31	15	83	2	23	42	33	80	32	63	45	68	8	82	84	8	15	63	14	36	55	10	53	58	69	72	93	
49	35	40	91	89	81	82	17	40	62	62	72	84	4	19	29	65	35	55	51	80	30	85	34	30	23	33	80	35	80	99	79	77	3	4	8	81	30	62	29	45	35	93	73	41	21	69	83	71	69	
9	85	52	49	72	58	65	29	57	21	43	93	13	57	71	8	70	15	67	79	73	79	27	23	73	1	64	75	53	32	79	34	80	55	75	89	42	96	64	38	74	26	10	92	32	50	62	60	53	28	
100	65	2	20	53	94	5	39	22	83	54	92	10	54	14	48	82	88	39	1	69	20	22	83	63	41	52	40	47	63	77	80	39	42	57	76	68	28	65	32	7	44	71	57	29	57	69	91	28	75	
26	87	63	83	11	17	38	67	80	38	37	48	14	78	54	29	52	14	85	6	12	80	23	39	33	95	75	79	53	45	3	55	42	21	35	22	60	98	59	31	39	85	11	34	5	93	40	77	77	23	
76	82	71	24	98	93	76	51	49	14	76	13	29	6	82	98	46	13	41	67	82	69	49	44	3	75	28	68	66	68	4	75	57	35	97	72	88	45	11	25	72	38	75	50	14	31	41	30	22	35	
60	92	69	20	31	90	19	2	17	1	27	10	43	55	62	9	64	1	98	44	40	99	19	45	10	59	59	45	45	8	8	89	76	22	72	81	23	47	77	58	6	37	56	80	38	93	26	1	6	62	
46	64	56	89	16	82	1	22	90	10	90	100	96	66	17	29	94	34	38	93	18	6	45	61	79	5	6	39	9	82	81	42	68	60	88	23	56	12	37	37	77	83	2	82	73	41	68	87	60	59	
100	15	24	25	99	41	98	47	51	33	87	84	65	16	49	55	67	88	10	14	43	14	41	51	22	100	54	30	32	84	30	96	28	98	45	47	12	43	86	25	78	84	91	86	72	19	97	90	79	64	
9	26	96	64	1	53	13	12	71	99	51	56	54	13	68	8	4	47	8	26	68	87	18	9	39	79	9	82	14	8	62	64	65	59	11	77	37	86	17	82	78	50	26	72	19	5	61	46	14	90	
86	59	2	62	16	35	26	64	59	75	94	58	32	52	31	27	60	40	87	89	61	14	24	35	35	95	87	76	47	15	29	38	32	31	25	58	37	25	82	27	8	53	68	47	5	21	16	48	29	70	
95	39	80	27	82	2	50	29	79	99	11	17	14	25	42	70	18	46	22	21	11	91	61	90	97	40	23	91	31	63	45	74	7	39	72	6	77	78	78	8	9	33	84	97	24	94	11	24	72	45	
21	68	23	98	27	9	16	3	37	34	60	42	23	18	25	66	77	20	39	63	23	71	46	7	29	69	10	38	46	14	35	26	44	85	38	37	83	84	50	53	33	79	34	87	41	71	88	37	10	12	
38	43	70	85	47	26	98	48	61	50	82	14	45	61	53	21	78	9	61	91	89	4	77	28	51	51	87	90	12	36	93	10	71	11	75	56	2	91	26	68	84	34	31	57	2	76	42	93	83	35	
5	40	77	98	77	68	72	79	99	45	58	5	20	66	37	2	48	52	74	79	25	87	47	71	75	30	51	43	32	55	73	92	57	34	50	80	82	86	72	47	97	87	57	20	4	47	19	54	78	20	
98	94	47	65	84	84	89	5	23	17	66	67	44	18	41	54	5	9	70	9	85	47	72	64	54	66	39	31	42	10	41	32	29	5	14	38	73	72	19	5	24	41	2	4	76	97	46	22	14	5	
78	9	22	64	85	86	36	25	58	44	32	90	95	71	38	98	42	52	3	97	12	88	69	44	11	47	100	78	84	53	21	50	57	93	31	93	41	19	5	21	94	71	76	47	97	19	76	53	20	62	
35	65	43	62	70	90	10	55	6	61	14	27	83	88	81	14	66	54	82	83	7	25	87	75	39	67	37	87	80	58	69	62	69	40	41	26	68	97	61	16	11	88	42	19	46	76	28	9	83	31	
78	7	73	10	96	47	43	99	61	43	70	85	30	10	51	94	23	53	35	73	77	68	60	99	32	38	53	92	88	69	83	60	91	77	30	1	87	90	46	48	24	37	93	54	22	53	9	94	34	73	
2	33	23	99	8	32	8	30	40	75	56	28	7	18	43	98	69	76	95	31	74	21	29	44	51	34	74	27	38	72	71	53	28	77	22	6	60	79	14	29	72	10	83	78	14	20	83	34	23	47	
29	39	82	81	25	93	97	34	39	46	65	97	68	94	39	11	91	14	16	97	71	94	23	80	99	97	100	7	48	93	69	28	75	23	35	62	59	64	90	70	45	12	35	20	5	62	31	73	47	3	
