50
1502
78	94	70	17	33	55	56	43	91	84	26	29	55	60	13	58	97	62	72	72	74	64	50	27	58	4	80	70	28	15	62	81	55	19	81	47	63	83	37	64	39	27	48	9	69	61	18	44	18	85	
62	82	67	56	46	59	61	78	1	3	26	79	59	40	43	29	98	68	29	81	32	90	9	24	87	27	68	40	20	93	24	73	17	36	15	67	67	97	87	77	34	28	72	78	22	60	43	66	63	6	
82	75	57	46	75	98	1	93	58	24	43	63	16	10	87	53	13	70	36	95	61	6	3	39	97	48	4	54	92	22	75	34	100	58	77	4	8	54	17	15	69	84	5	84	23	96	50	24	47	20	
67	57	42	85	17	69	64	71	83	11	35	30	1	17	52	69	76	87	62	25	40	65	89	6	31	66	66	51	86	6	21	69	88	30	6	45	64	44	45	63	41	62	38	81	89	18	72	79	91	71	
56	46	85	47	18	91	32	85	71	24	8	64	75	95	56	84	78	54	18	18	60	2	21	19	27	90	47	96	71	99	93	64	72	19	59	87	54	33	82	50	85	87	78	48	13	85	87	84	62	97	
46	75	17	18	72	33	31	100	4	97	48	84	25	96	6	100	53	77	17	37	37	35	25	76	1	36	13	57	2	72	80	90	1	34	77	7	34	89	29	69	2	21	43	5	24	38	42	54	97	33	
59	98	69	91	33	91	92	87	99	3	63	42	14	34	23	94	56	97	5	47	90	76	66	22	42	23	76	54	63	84	7	88	42	1	2	7	93	53	32	38	48	79	8	87	64	80	64	54	38	58	
61	1	64	32	31	92	66	3	11	17	22	52	57	28	32	50	89	72	20	79	22	3	32	66	40	50	54	82	70	19	33	45	97	64	91	21	4	15	89	45	1	28	10	60	16	29	4	90	100	2	
78	93	71	85	100	87	3	11	94	16	71	45	25	13	47	12	100	61	23	63	97	78	40	52	3	90	3	28	29	53	6	6	15	78	47	83	49	5	57	49	99	1	72	58	34	28	61	63	71	18	
1	58	83	71	4	99	11	94	65	25	23	55	38	30	47	31	16	21	47	73	50	82	7	37	66	33	17	69	45	79	61	21	29	53	2	69	52	63	65	89	87	60	59	52	87	73	66	71	78	39	
3	24	11	24	97	3	17	16	25	60	64	81	26	76	21	16	60	29	23	72	89	72	45	21	30	90	42	98	65	24	97	7	23	62	55	57	34	4	73	74	9	67	77	82	82	18	19	47	45	1	
26	43	35	8	48	63	22	71	23	64	40	88	39	78	91	57	74	61	72	93	49	23	86	47	24	49	53	60	59	64	82	58	91	81	95	6	79	32	94	6	44	92	67	14	8	93	24	88	25	50	
79	63	30	64	84	42	52	45	55	81	88	91	57	39	1	56	39	68	21	23	4	94	34	49	39	29	21	30	56	48	52	83	35	86	96	69	15	43	34	63	54	27	96	22	3	4	13	76	15	12	
59	16	1	75	25	14	57	25	38	26	39	57	5	62	34	93	35	44	32	67	51	66	42	76	75	98	23	6	86	33	91	77	78	22	65	18	5	45	77	87	97	12	95	21	100	49	83	14	62	23	
40	10	17	95	96	34	28	13	30	76	78	39	62	13	44	53	73	53	33	96	45	89	50	45	85	82	50	88	36	85	41	43	73	63	30	39	22	83	60	87	80	60	36	22	62	97	24	1	65	67	
43	87	52	56	6	23	32	47	47	21	91	1	34	44	44	18	97	56	40	25	28	89	55	51	25	64	1	14	90	69	39	79	65	1	48	5	41	43	24	21	35	33	56	78	50	6	37	51	92	34	
29	53	69	84	100	94	50	12	31	16	57	56	93	53	18	5	42	45	92	78	46	65	5	47	61	5	89	35	5	9	97	34	14	54	53	90	26	97	43	44	77	97	13	2	48	82	48	78	61	83	
98	13	76	78	53	56	89	100	16	60	74	39	35	73	97	42	11	70	30	60	61	46	61	23	84	88	56	67	82	65	97	84	78	87	39	35	5	70	74	58	37	39	66	56	96	35	95	22	11	1	
68	70	87	54	77	97	72	61	21	29	61	68	44	53	56	45	70	79	35	19	99	37	64	38	96	93	27	34	91	72	77	58	16	33	96	22	75	98	25	48	72	13	88	23	14	33	59	5	9	29	
29	36	62	18	17	5	20	23	47	23	72	21	32	33	40	92	30	35	100	61	24	99	2	27	97	62	63	15	57	29	2	17	50	42	62	88	54	48	90	83	63	88	39	4	19	76	34	68	34	12	
81	95	25	18	37	47	79	63	73	72	93	23	67	96	25	78	60	19	61	60	29	8	40	4	93	73	50	36	19	75	92	33	30	25	14	14	88	29	57	86	87	85	90	71	16	62	61	77	61	80	
32	61	40	60	37	90	22	97	50	89	49	4	51	45	28	46	61	99	24	29	18	69	87	16	9	44	48	41	55	2	83	17	39	14	19	15	98	48	32	46	9	56	48	87	90	30	6	23	28	93	
90	6	65	2	35	76	3	78	82	72	23	94	66	89	89	65	46	37	99	8	69	95	56	97	8	76	51	89	50	4	26	35	9	65	91	100	42	28	5	31	39	83	66	68	20	21	99	25	94	82	
9	3	89	21	25	66	32	40	7	45	86	34	42	50	55	5	61	64	2	40	87	56	73	93	78	57	81	46	24	49	14	51	44	77	70	46	85	3	61	35	61	46	4	26	58	66	53	56	91	9	
24	39	6	19	76	22	66	52	37	21	47	49	76	45	51	47	23	38	27	4	16	97	93	61	68	92	82	38	27	71	88	15	44	90	43	37	57	28	88	1	95	39	38	32	58	8	55	21	91	43	
87	97	31	27	1	42	40	3	66	30	24	39	75	85	25	61	84	96	97	93	9	8	78	68	39	97	33	3	33	87	29	27	25	17	12	88	27	53	52	77	18	51	33	99	28	78	28	85	48	76	
27	48	66	90	36	23	50	90	33	90	49	29	98	82	64	5	88	93	62	73	44	76	57	92	97	86	76	29	31	37	94	74	42	96	98	94	75	36	74	97	76	39	66	63	74	47	42	1	4	24	
68	4	66	47	13	76	54	3	17	42	53	21	23	50	1	89	56	27	63	50	48	51	81	82	33	76	24	83	66	25	22	3	68	66	35	43	80	22	85	80	96	30	59	19	2	32	53	44	38	88	
40	54	51	96	57	54	82	28	69	98	60	30	6	88	14	35	67	34	15	36	41	89	46	38	3	29	83	28	61	44	99	40	70	27	77	68	43	24	76	5	82	62	60	1	99	13	100	49	84	17	
20	92	86	71	2	63	70	29	45	65	59	56	86	36	90	5	82	91	57	19	55	50	24	27	33	31	66	61	28	47	81	27	4	65	14	86	13	81	19	11	10	83	84	70	77	29	5	92	54	26	
93	22	6	99	72	84	19	53	79	24	64	48	33	85	69	9	65	72	29	75	2	4	49	71	87	37	25	44	47	6	42	41	26	91	34	100	38	100	25	33	48	6	48	55	7	84	22	96	61	54	
24	75	21	93	80	7	33	6	61	97	82	52	91	41	39	97	97	77	2	92	83	26	14	88	29	94	22	99	81	42	23	52	76	86	69	42	45	65	28	86	41	73	100	21	63	45	92	79	13	61	
73	34	69	64	90	88	45	6	21	7	58	83	77	43	79	34	84	58	17	33	17	35	51	15	27	74	3	40	27	41	52	6	15	74	79	58	1	30	72	72	82	56	7	69	89	72	100	51	68	32	
17	100	88	72	1	42	97	15	29	23	91	35	78	73	65	14	78	16	50	30	39	9	44	44	25	42	68	70	4	26	76	15	68	21	92	85	88	86	58	64	76	11	100	31	49	4	12	19	83	19	
36	58	30	19	34	1	64	78	53	62	81	86	22	63	1	54	87	33	42	25	14	65	77	90	17	96	66	27	65	91	86	74	21	85	98	38	2	93	60	26	26	60	44	10	39	30	30	82	51	78	
15	77	6	59	77	2	91	47	2	55	95	96	65	30	48	53	39	96	62	14	19	91	70	43	12	98	35	77	14	34	69	79	92	98	29	20	28	25	95	8	74	37	17	62	49	33	93	75	33	37	
67	4	45	87	7	7	21	83	69	57	6	69	18	39	5	90	35	22	88	14	15	100	46	37	88	94	43	68	86	100	42	58	85	38	20	60	1	72	35	35	45	73	34	30	20	72	58	97	85	80	
67	8	64	54	34	93	4	49	52	34	79	15	5	22	41	26	5	75	54	88	98	42	85	57	27	75	80	43	13	38	45	1	88	2	28	1	49	73	86	100	24	10	23	30	83	68	20	18	99	29	
97	54	44	33	89	53	15	5	63	4	32	43	45	83	43	97	70	98	48	29	48	28	3	28	53	36	22	24	81	100	65	30	86	93	25	72	73	57	74	78	73	97	23	87	68	93	27	82	66	85	
87	17	45	82	29	32	89	57	65	73	94	34	77	60	24	43	74	25	90	57	32	5	61	88	52	74	85	76	19	25	28	72	58	60	95	35	86	74	98	53	9	23	44	25	78	53	37	10	88	65	
77	15	63	50	69	38	45	49	89	74	6	63	87	87	21	44	58	48	83	86	46	31	35	1	77	97	80	5	11	33	86	72	64	26	8	35	100	78	53	94	77	43	95	48	64	55	32	80	13	99	
34	69	41	85	2	48	1	99	87	9	44	54	97	80	35	77	37	72	63	87	9	39	61	95	18	76	96	82	10	48	41	82	76	26	74	45	24	73	9	77	16	66	17	5	70	37	73	31	34	58	
28	84	62	87	21	79	28	1	60	67	92	27	12	60	33	97	39	13	88	85	56	83	46	39	51	39	30	62	83	6	73	56	11	60	37	73	10	97	23	43	66	46	62	5	77	62	84	85	55	80	
72	5	38	78	43	8	10	72	59	77	67	96	95	36	56	13	66	88	39	90	48	66	4	38	33	66	59	60	84	48	100	7	100	44	17	34	23	23	44	95	17	62	70	15	19	70	89	96	77	88	
78	84	81	48	5	87	60	58	52	82	14	22	21	22	78	2	56	23	4	71	87	68	26	32	99	63	19	1	70	55	21	69	31	10	62	30	30	87	25	48	5	5	15	15	91	85	58	24	61	7	
22	23	89	13	24	64	16	34	87	82	8	3	100	62	50	48	96	14	19	16	90	20	58	58	28	74	2	99	77	7	63	89	49	39	49	20	83	68	78	64	70	77	19	91	93	97	63	24	54	97	
60	96	18	85	38	80	29	28	73	18	93	4	49	97	6	82	35	33	76	62	30	21	66	8	78	47	32	13	29	84	45	72	4	30	33	72	68	93	53	55	37	62	70	85	97	30	52	82	63	35	
43	50	72	87	42	64	4	61	66	19	24	13	83	24	37	48	95	59	34	61	6	99	53	55	28	42	53	100	5	22	92	100	12	30	93	58	20	27	37	32	73	84	89	58	63	52	89	69	65	18	
66	24	79	84	54	54	90	63	71	47	88	76	14	1	51	78	22	5	68	77	23	25	56	21	85	1	44	49	92	96	79	51	19	82	75	97	18	82	10	80	31	85	96	24	24	82	69	83	90	59	
63	47	91	62	97	38	100	71	78	45	25	15	62	65	92	61	11	9	34	61	28	94	91	91	48	4	38	84	54	61	13	68	83	51	33	85	99	66	88	13	34	55	77	61	54	63	65	90	63	98	
6	20	71	97	33	58	2	18	39	1	50	12	23	67	34	83	1	29	12	80	93	82	9	43	76	24	88	17	26	54	61	32	19	78	37	80	29	85	65	99	58	80	88	7	97	35	18	59	98	89	
