50
1253
82	72	23	93	39	34	11	37	8	20	39	5	20	3	18	15	96	61	23	60	9	24	25	65	73	78	9	67	41	10	46	36	94	67	99	48	56	15	77	68	71	22	17	87	43	52	65	96	95	54	
50	58	24	35	46	16	52	90	78	87	92	28	55	37	54	74	87	82	96	18	78	77	15	36	74	21	50	23	63	55	1	87	69	86	54	10	2	69	85	84	41	96	4	65	95	99	73	95	74	33	
58	79	94	92	99	8	2	22	72	100	91	22	58	47	96	9	58	31	60	77	18	58	38	27	66	14	25	31	11	75	46	36	78	69	60	23	80	74	43	36	86	6	21	94	76	18	100	100	50	25	
24	94	85	68	59	19	7	31	25	19	83	86	65	92	7	72	50	15	21	64	36	62	17	43	97	21	23	13	99	98	36	87	70	94	98	41	19	45	2	2	72	81	77	24	90	70	4	80	86	88	
35	92	68	26	46	25	55	60	61	39	20	27	36	43	49	33	35	97	83	3	99	1	73	76	71	80	16	79	86	7	79	11	20	74	87	95	42	11	83	59	79	19	87	36	85	82	90	12	74	65	
46	99	59	46	23	53	63	89	54	29	40	70	100	2	84	20	79	22	49	83	41	57	81	25	2	54	72	72	24	66	90	66	14	85	76	85	27	99	27	22	54	32	12	50	51	87	54	83	85	80	
16	8	19	25	53	12	24	26	65	28	18	77	5	25	12	61	9	94	43	40	69	3	14	73	15	22	42	12	15	15	8	58	44	88	65	72	41	52	39	9	100	51	96	96	54	70	55	72	30	87	
52	2	7	55	63	24	24	74	26	13	42	12	66	30	28	14	27	78	58	99	33	12	6	37	12	34	5	89	58	75	51	61	71	41	35	64	77	11	58	74	30	43	2	83	25	95	97	98	33	97	
90	22	31	60	89	26	74	100	57	18	38	32	20	40	69	58	71	85	53	2	89	69	28	11	69	27	12	50	82	3	14	8	47	5	40	99	68	98	29	54	36	32	74	19	36	67	18	55	8	75	
78	72	25	61	54	65	26	57	65	91	49	45	90	97	4	41	21	32	37	66	59	32	17	22	62	62	14	87	87	5	28	65	68	96	54	4	34	1	57	18	56	70	93	62	72	100	22	49	65	92	
87	100	19	39	29	28	13	18	91	56	61	17	16	19	52	96	92	72	55	80	94	40	3	16	54	75	91	50	58	100	60	1	18	40	47	75	70	34	14	97	41	90	20	100	83	9	6	78	99	39	
92	91	83	20	40	18	42	38	49	61	86	46	23	16	70	34	50	25	22	41	69	84	78	99	66	71	1	61	94	36	65	19	77	6	97	46	57	29	89	49	71	93	59	21	54	76	46	2	90	31	
28	22	86	27	70	77	12	32	45	17	46	19	73	75	43	19	47	81	57	18	27	58	22	78	27	75	3	75	35	36	26	100	38	95	12	34	51	58	34	53	72	48	26	58	78	78	10	43	16	87	
55	58	65	36	100	5	66	20	90	16	23	73	61	53	95	26	35	25	37	72	1	19	62	93	34	96	98	20	72	99	61	28	59	96	51	51	49	30	90	44	44	44	80	61	10	85	60	35	17	1	
37	47	92	43	2	25	30	40	97	19	16	75	53	11	20	13	83	48	10	96	4	1	3	1	3	20	28	91	78	59	22	38	83	91	94	92	37	35	25	86	47	60	32	12	51	38	93	86	64	48	
54	96	7	49	84	12	28	69	4	52	70	43	95	20	42	88	56	33	57	58	54	77	92	82	14	31	22	97	32	44	71	28	36	24	61	33	16	73	54	15	20	64	95	85	25	79	85	70	70	54	
74	9	72	33	20	61	14	58	41	96	34	19	26	13	88	31	64	55	56	99	67	38	1	18	5	20	73	55	38	86	27	4	99	95	41	84	71	44	48	83	7	6	8	10	31	48	59	37	15	30	
87	58	50	35	79	9	27	71	21	92	50	47	35	83	56	64	94	42	89	53	66	77	23	39	31	35	48	38	95	79	92	35	86	43	41	43	75	28	32	89	58	19	13	51	57	3	65	46	91	80	
82	31	15	97	22	94	78	85	32	72	25	81	25	48	33	55	42	70	96	1	37	76	47	48	32	40	76	45	75	57	11	76	47	56	81	32	63	52	9	99	2	3	45	16	34	51	97	27	67	88	
96	60	21	83	49	43	58	53	37	55	22	57	37	10	57	56	89	96	18	39	51	65	58	44	34	15	94	39	71	52	96	58	35	50	79	34	98	9	53	90	91	63	56	47	99	59	12	82	59	79	
18	77	64	3	83	40	99	2	66	80	41	18	72	96	58	99	53	1	39	2	96	25	3	8	100	79	46	31	45	62	69	1	35	64	77	70	89	100	51	97	25	95	2	56	85	47	82	51	27	86	
78	18	36	99	41	69	33	89	59	94	69	27	1	4	54	67	66	37	51	96	37	29	28	57	21	83	59	77	66	34	9	82	53	12	93	72	39	76	19	94	71	78	76	75	96	20	47	82	67	16	
77	58	62	1	57	3	12	69	32	40	84	58	19	1	77	38	77	76	65	25	29	15	44	25	43	88	2	65	36	24	88	2	53	62	91	54	80	89	8	22	1	99	91	25	97	91	72	62	72	22	
15	38	17	73	81	14	6	28	17	3	78	22	62	3	92	1	23	47	58	3	28	44	89	50	29	56	1	6	7	53	85	48	23	52	7	15	96	68	53	43	67	70	82	89	16	11	58	59	82	28	
36	27	43	76	25	73	37	11	22	16	99	78	93	1	82	18	39	48	44	8	57	25	50	49	23	97	97	31	18	57	9	100	57	61	69	98	63	63	35	42	1	64	50	66	99	100	11	82	47	64	
74	66	97	71	2	15	12	69	62	54	66	27	34	3	14	5	31	32	34	100	21	43	29	23	99	29	37	12	97	98	41	77	53	53	69	9	95	14	10	94	67	81	81	58	35	22	63	23	12	37	
21	14	21	80	54	22	34	27	62	75	71	75	96	20	31	20	35	40	15	79	83	88	56	97	29	95	86	41	81	68	16	62	8	70	77	41	47	64	26	42	47	77	10	64	28	29	88	54	7	91	
50	25	23	16	72	42	5	12	14	91	1	3	98	28	22	73	48	76	94	46	59	2	1	97	37	86	58	10	45	9	16	51	58	93	78	59	95	47	10	32	1	31	40	26	65	3	18	39	23	41	
23	31	13	79	72	12	89	50	87	50	61	75	20	91	97	55	38	45	39	31	77	65	6	31	12	41	10	15	85	91	82	72	65	32	23	3	30	12	23	29	50	85	32	62	36	85	72	63	56	30	
63	11	99	86	24	15	58	82	87	58	94	35	72	78	32	38	95	75	71	45	66	36	7	18	97	81	45	85	74	58	96	81	92	23	38	72	77	29	85	28	87	24	67	41	21	96	14	22	24	4	
55	75	98	7	66	15	75	3	5	100	36	36	99	59	44	86	79	57	52	62	34	24	53	57	98	68	9	91	58	86	40	97	23	98	72	22	13	76	37	94	70	99	2	53	28	2	82	84	32	47	
1	46	36	79	90	8	51	14	28	60	65	26	61	22	71	27	92	11	96	69	9	88	85	9	41	16	16	82	96	40	13	42	73	75	28	12	38	97	50	14	50	39	68	38	68	98	11	90	41	31	
87	36	87	11	66	58	61	8	65	1	19	100	28	38	28	4	35	76	58	1	82	2	48	100	77	62	51	72	81	97	42	66	78	81	62	4	69	42	14	80	88	30	49	6	11	26	26	59	21	11	
69	78	70	20	14	44	71	47	68	18	77	38	59	83	36	99	86	47	35	35	53	53	23	57	53	8	58	65	92	23	73	78	89	89	15	97	100	93	22	62	93	5	66	57	3	44	96	52	35	100	
86	69	94	74	85	88	41	5	96	40	6	95	96	91	24	95	43	56	50	64	12	62	52	61	53	70	93	32	23	98	75	81	89	86	87	54	68	25	15	86	31	24	40	62	81	17	33	12	1	31	
54	60	98	87	76	65	35	40	54	47	97	12	51	94	61	41	41	81	79	77	93	91	7	69	69	77	78	23	38	72	28	62	15	87	42	37	67	89	12	85	48	52	80	85	54	96	49	38	40	2	
10	23	41	95	85	72	64	99	4	75	46	34	51	92	33	84	43	32	34	70	72	54	15	98	9	41	59	3	72	22	12	4	97	54	37	30	15	75	57	16	15	50	73	50	96	59	98	6	21	74	
2	80	19	42	27	41	77	68	34	70	57	51	49	37	16	71	75	63	98	89	39	80	96	63	95	47	95	30	77	13	38	69	100	68	67	15	25	49	26	58	62	75	97	86	87	3	70	47	1	82	
69	74	45	11	99	52	11	98	1	34	29	58	30	35	73	44	28	52	9	100	76	89	68	63	14	64	47	12	29	76	97	42	93	25	89	75	49	49	76	28	44	55	40	58	47	76	27	6	25	8	
85	43	2	83	27	39	58	29	57	14	89	34	90	25	54	48	32	9	53	51	19	8	53	35	10	26	10	23	85	37	50	14	22	15	12	57	26	76	93	41	7	36	77	20	25	26	52	17	71	43	
84	36	2	59	22	9	74	54	18	97	49	53	44	86	15	83	89	99	90	97	94	22	43	42	94	42	32	29	28	94	14	80	62	86	85	16	58	28	41	49	81	25	97	66	54	23	28	22	92	23	
41	86	72	79	54	100	30	36	56	41	71	72	44	47	20	7	58	2	91	25	71	1	67	1	67	47	1	50	87	70	50	88	93	31	48	15	62	44	7	81	18	15	88	54	92	77	37	58	77	75	
96	6	81	19	32	51	43	32	70	90	93	48	44	60	64	6	19	3	63	95	78	99	70	64	81	77	31	85	24	99	39	30	5	24	52	50	75	55	36	25	15	31	92	74	88	86	67	53	82	23	
4	21	77	87	12	96	2	74	93	20	59	26	80	32	95	8	13	45	56	2	76	91	82	50	81	10	40	32	67	2	68	49	66	40	80	73	97	40	77	97	88	92	95	57	34	20	61	9	91	3	
65	94	24	36	50	96	83	19	62	100	21	58	61	12	85	10	51	16	47	56	75	25	89	66	58	64	26	62	41	53	38	6	57	62	85	50	86	58	20	66	54	74	57	18	57	60	21	26	69	26	
95	76	90	85	51	54	25	36	72	83	54	78	10	51	25	31	57	34	99	85	96	97	16	99	35	28	65	36	21	28	68	11	3	81	54	96	87	47	25	54	92	88	34	57	85	84	76	24	49	68	
99	18	70	82	87	70	95	67	100	9	76	78	85	38	79	48	3	51	59	47	20	91	11	100	22	29	3	85	96	2	98	26	44	17	96	59	3	76	26	23	77	86	20	60	84	96	75	33	63	53	
73	100	4	90	54	55	97	18	22	6	46	10	60	93	85	59	65	97	12	82	47	72	58	11	63	88	18	72	14	82	11	26	96	33	49	98	70	27	52	28	37	67	61	21	76	75	11	87	46	100	
95	100	80	12	83	72	98	55	49	78	2	43	35	86	70	37	46	27	82	51	82	62	59	82	23	54	39	63	22	84	90	59	52	12	38	6	47	6	17	22	58	53	9	26	24	33	87	59	30	29	
74	50	86	74	85	30	33	8	65	99	90	16	17	64	70	15	91	67	59	27	67	72	82	47	12	7	23	56	24	32	41	21	35	1	40	21	1	25	71	92	77	82	91	69	49	63	46	30	6	47	
33	25	88	65	80	87	97	75	92	39	31	87	1	48	54	30	80	88	79	86	16	22	28	64	37	91	41	30	4	47	31	11	100	31	2	74	82	8	43	23	75	23	3	26	68	53	100	29	47	82	
