50
1179
53	31	15	93	53	7	14	43	20	78	1	13	100	11	45	63	32	28	91	93	12	88	25	14	58	72	80	63	74	4	59	35	18	10	22	75	79	68	43	4	84	68	26	85	71	82	88	36	62	94	
84	62	68	46	71	34	72	59	12	45	94	45	30	85	75	94	29	81	54	30	85	30	35	24	38	35	62	62	84	72	95	11	4	98	67	97	7	99	39	78	55	15	92	15	87	87	73	51	44	90	
62	95	89	6	75	46	65	28	15	97	48	55	23	72	52	37	47	39	28	50	76	78	4	53	51	29	61	53	20	8	96	5	97	29	51	56	75	1	20	58	58	91	83	68	43	53	94	95	66	36	
68	89	81	89	74	84	2	8	89	2	76	100	77	69	17	25	26	19	85	34	65	4	65	33	69	84	78	15	70	71	54	82	2	83	18	89	87	2	78	10	49	63	22	80	69	2	72	97	79	21	
46	6	89	26	83	58	20	26	64	28	28	52	10	89	11	3	69	68	82	40	78	35	66	54	5	86	66	79	78	46	96	65	7	80	55	87	13	9	15	43	40	51	62	36	2	48	43	96	70	32	
71	75	74	83	65	63	62	83	59	26	85	19	79	26	87	9	78	8	57	12	31	71	15	58	27	14	96	15	26	27	53	57	6	30	11	30	53	68	90	57	55	15	39	81	60	73	34	89	67	31	
34	46	84	58	63	91	35	81	87	56	52	24	8	16	24	20	77	32	72	69	5	72	55	51	80	30	36	37	49	63	56	62	100	35	46	66	81	88	82	41	50	66	28	62	27	74	23	70	16	1	
72	65	2	20	62	35	76	78	96	28	16	46	57	82	25	70	43	58	52	15	4	18	64	70	89	84	17	60	54	69	77	56	34	43	25	82	3	50	76	74	14	29	92	98	67	4	50	5	4	90	
59	28	8	26	83	81	78	29	67	71	64	41	90	13	19	5	18	17	31	35	28	46	65	35	28	99	4	16	54	24	13	63	25	87	44	38	74	87	28	49	70	12	57	50	78	25	37	13	30	95	
12	15	89	64	59	87	96	67	87	9	35	44	6	60	51	46	94	89	11	88	45	32	77	67	58	2	34	53	60	43	85	77	71	94	58	62	16	73	36	83	94	40	11	38	26	39	98	27	63	57	
45	97	2	28	26	56	28	71	9	38	28	98	55	24	81	37	66	67	93	31	5	57	26	10	81	59	95	43	63	1	51	27	17	97	23	60	19	17	55	27	24	4	79	86	75	47	95	35	82	30	
94	48	76	28	85	52	16	64	35	28	13	98	73	83	47	26	5	61	47	39	43	68	33	50	74	30	44	71	81	30	40	63	14	81	71	13	43	79	55	35	14	60	37	41	90	58	90	14	7	48	
45	55	100	52	19	24	46	41	44	98	98	78	21	62	11	32	87	24	80	73	86	42	77	67	25	30	59	67	70	12	74	60	32	80	12	23	40	89	46	73	31	47	90	25	37	16	5	10	8	75	
30	23	77	10	79	8	57	90	6	55	73	21	39	54	4	24	87	66	3	23	89	96	15	52	53	95	20	83	3	40	21	81	12	78	94	12	27	62	92	7	31	84	67	62	97	50	93	21	80	39	
85	72	69	89	26	16	82	13	60	24	83	62	54	48	84	41	41	85	16	57	88	38	91	16	61	76	18	48	90	87	65	95	23	48	77	25	30	28	20	53	55	87	69	58	100	18	2	33	37	67	
75	52	17	11	87	24	25	19	51	81	47	11	4	84	74	30	56	53	19	38	17	71	27	88	49	8	15	83	52	84	69	6	46	36	27	29	26	84	58	83	42	92	95	85	20	18	8	49	11	7	
94	37	25	3	9	20	70	5	46	37	26	32	24	41	30	37	28	94	74	81	45	33	68	98	23	33	70	55	100	76	58	54	7	19	8	56	72	97	71	52	1	29	94	45	94	24	5	5	41	99	
29	47	26	69	78	77	43	18	94	66	5	87	87	41	56	28	12	55	38	21	39	11	33	25	83	18	90	35	82	25	71	71	62	5	58	11	55	27	51	1	58	45	78	52	41	59	46	4	76	47	
81	39	19	68	8	32	58	17	89	67	61	24	66	85	53	94	55	55	94	39	57	12	24	32	54	44	36	19	85	48	40	48	48	47	94	26	61	72	45	90	98	83	56	86	83	3	21	53	18	100	
54	28	85	82	57	72	52	31	11	93	47	80	3	16	19	74	38	94	47	2	51	13	63	32	81	57	20	83	96	16	99	100	72	97	8	47	37	86	76	59	36	46	21	12	64	90	93	70	16	89	
30	50	34	40	12	69	15	35	88	31	39	73	23	57	38	81	21	39	2	96	73	25	46	32	55	64	95	99	82	38	70	94	70	99	65	57	54	51	90	89	24	61	95	70	47	32	88	16	21	8	
85	76	65	78	31	5	4	28	45	5	43	86	89	88	17	45	39	57	51	73	61	26	2	60	26	26	81	88	23	84	35	8	23	79	40	26	41	78	47	70	38	6	39	55	29	39	50	52	89	75	
30	78	4	35	71	72	18	46	32	57	68	42	96	38	71	33	11	12	13	25	26	99	18	43	3	44	75	11	63	23	68	7	91	93	58	71	43	46	91	51	88	87	100	55	5	87	29	98	19	21	
35	4	65	66	15	55	64	65	77	26	33	77	15	91	27	68	33	24	63	46	2	18	51	71	66	22	57	43	50	89	68	79	90	62	27	67	74	2	11	80	87	48	4	65	62	12	92	88	74	44	
24	53	33	54	58	51	70	35	67	10	50	67	52	16	88	98	25	32	32	32	60	43	71	93	86	86	11	17	20	88	39	66	73	81	71	59	77	80	62	12	47	1	10	79	74	60	38	2	17	5	
38	51	69	5	27	80	89	28	58	81	74	25	53	61	49	23	83	54	81	55	26	3	66	86	31	100	35	18	9	50	64	13	84	22	69	32	25	38	55	36	35	27	55	91	68	46	9	55	59	51	
35	29	84	86	14	30	84	99	2	59	30	30	95	76	8	33	18	44	57	64	26	44	22	86	100	84	68	82	62	52	12	39	82	56	27	91	44	57	17	42	26	86	12	31	43	74	62	39	54	3	
62	61	78	66	96	36	17	4	34	95	44	59	20	18	15	70	90	36	20	95	81	75	57	11	35	68	48	60	46	15	63	66	100	2	69	90	74	53	17	32	83	36	37	69	94	67	35	94	90	67	
62	53	15	79	15	37	60	16	53	43	71	67	83	48	83	55	35	19	83	99	88	11	43	17	18	82	60	60	43	52	31	29	56	11	41	14	27	31	56	8	71	58	34	13	27	34	34	29	69	58	
84	20	70	78	26	49	54	54	60	63	81	70	3	90	52	100	82	85	96	82	23	63	50	20	9	62	46	43	30	67	59	34	38	44	57	48	23	57	25	86	67	48	7	41	13	1	8	18	40	86	
72	8	71	46	27	63	69	24	43	1	30	12	40	87	84	76	25	48	16	38	84	23	89	88	50	52	15	52	67	33	19	3	78	4	36	68	14	85	72	99	86	51	89	21	89	31	89	96	13	95	
95	96	54	96	53	56	77	13	85	51	40	74	21	65	69	58	71	40	99	70	35	68	68	39	64	12	63	31	59	19	68	47	90	93	19	60	52	27	56	6	55	22	2	71	78	13	17	14	86	32	
11	5	82	65	57	62	56	63	77	27	63	60	81	95	6	54	71	48	100	94	8	7	79	66	13	39	66	29	34	3	47	60	78	79	28	16	38	85	69	79	84	24	57	66	81	79	97	17	87	31	
4	97	2	7	6	100	34	25	71	17	14	32	12	23	46	7	62	48	72	70	23	91	90	73	84	82	100	56	38	78	90	78	69	47	71	34	51	33	21	35	91	23	73	36	20	89	7	78	14	75	
98	29	83	80	30	35	43	87	94	97	81	80	78	48	36	19	5	47	97	99	79	93	62	81	22	56	2	11	44	4	93	79	47	57	34	44	36	86	20	50	77	12	21	92	4	83	21	63	67	78	
67	51	18	55	11	46	25	44	58	23	71	12	94	77	27	8	58	94	8	65	40	58	27	71	69	27	69	41	57	36	19	28	71	34	3	41	77	90	62	91	33	83	47	86	7	100	34	33	35	83	
97	56	89	87	30	66	82	38	62	60	13	23	12	25	29	56	11	26	47	57	26	71	67	59	32	91	90	14	48	68	60	16	34	44	41	36	45	68	28	76	17	95	71	43	53	24	63	35	34	22	
7	75	87	13	53	81	3	74	16	19	43	40	27	30	26	72	55	61	37	54	41	43	74	77	25	44	74	27	23	14	52	38	51	36	77	45	92	27	15	44	54	55	64	89	66	32	10	67	1	10	
99	1	2	9	68	88	50	87	73	17	79	89	62	28	84	97	27	72	86	51	78	46	2	80	38	57	53	31	57	85	27	85	33	86	90	68	27	66	83	88	37	54	13	54	2	66	48	50	79	61	
39	20	78	15	90	82	76	28	36	55	55	46	92	20	58	71	51	45	76	90	47	91	11	62	55	17	17	56	25	72	56	69	21	20	62	28	15	83	30	17	97	31	25	85	57	12	70	55	65	9	
78	58	10	43	57	41	74	49	83	27	35	73	7	53	83	52	1	90	59	89	70	51	80	12	36	42	32	8	86	99	6	79	35	50	91	76	44	88	17	92	81	89	83	98	99	99	88	22	70	36	
55	58	49	40	55	50	14	70	94	24	14	31	31	55	42	1	58	98	36	24	38	88	87	47	35	26	83	71	67	86	55	84	91	77	33	17	54	37	97	81	81	72	20	59	89	54	10	83	1	22	
15	91	63	51	15	66	29	12	40	4	60	47	84	87	92	29	45	83	46	61	6	87	48	1	27	86	36	58	48	51	22	24	23	12	83	95	55	54	31	89	72	100	34	54	50	95	30	3	8	25	
92	83	22	62	39	28	92	57	11	79	37	90	67	69	95	94	78	56	21	95	39	100	4	10	55	12	37	34	7	89	2	57	73	21	47	71	64	13	25	83	20	34	43	90	10	5	19	76	26	7	
15	68	80	36	81	62	98	50	38	86	41	25	62	58	85	45	52	86	12	70	55	55	65	79	91	31	69	13	41	21	71	66	36	92	86	43	89	54	85	98	59	54	90	33	38	36	20	12	34	79	
87	43	69	2	60	27	67	78	26	75	90	37	97	100	20	94	41	83	64	47	29	5	62	74	68	43	94	27	13	89	78	81	20	4	7	53	66	2	57	99	89	50	10	38	91	44	8	30	51	16	
87	53	2	48	73	74	4	25	39	47	58	16	50	18	18	24	59	3	90	32	39	87	12	60	46	74	67	34	1	31	13	79	89	83	100	24	32	66	12	99	54	95	5	36	44	73	20	36	29	94	
73	94	72	43	34	23	50	37	98	95	90	5	93	2	8	5	46	21	93	88	50	29	92	38	9	62	35	34	8	89	17	97	7	21	34	63	10	48	70	88	10	30	19	20	8	20	26	50	25	12	
51	95	97	96	89	70	5	13	27	35	14	10	21	33	49	5	4	53	70	16	52	98	88	2	55	39	94	29	18	96	14	17	78	63	33	35	67	50	55	22	83	3	76	12	30	36	50	41	72	76	
44	66	79	70	67	16	4	30	63	82	7	8	80	37	11	41	76	18	16	21	89	19	74	17	59	54	90	69	40	13	86	87	14	67	35	34	1	79	65	70	1	8	26	34	51	29	25	72	6	9	
90	36	21	32	31	1	90	95	57	30	48	75	39	67	7	99	47	100	89	8	75	21	44	5	51	3	67	58	86	95	32	31	75	78	83	22	10	61	9	36	22	25	7	79	16	94	12	76	9	21	
