50
973
60	24	62	78	39	90	61	58	41	29	14	24	45	78	5	49	41	39	50	63	71	29	86	18	90	4	30	51	34	63	96	26	34	32	24	40	62	95	85	9	12	17	25	77	23	30	46	45	21	73	
27	19	37	5	70	70	1	80	13	38	16	89	58	97	95	21	13	49	51	32	71	42	28	96	84	84	96	54	78	30	47	78	37	17	82	80	52	62	100	52	86	97	89	22	68	78	88	18	87	47	
19	25	36	87	8	63	53	52	100	38	13	70	89	57	75	81	98	78	43	7	87	27	50	89	68	40	92	80	87	29	48	82	34	30	55	26	14	94	32	81	5	28	14	65	9	76	11	96	29	34	
37	36	97	69	89	30	10	18	62	1	32	61	95	33	83	33	5	54	24	30	26	85	29	13	69	65	13	90	24	48	15	88	8	70	97	78	97	72	33	46	63	24	10	71	63	14	57	35	42	62	
5	87	69	46	3	65	7	61	57	26	91	84	83	55	18	24	18	38	17	15	51	77	49	7	87	50	8	35	54	57	51	46	4	11	45	97	93	98	81	82	40	23	1	88	1	16	32	22	43	54	
70	8	89	3	60	42	13	43	14	17	96	24	91	54	20	51	66	80	82	41	28	7	90	53	13	11	94	18	78	33	91	38	87	49	75	3	61	77	75	26	17	74	99	46	13	10	52	71	35	74	
70	63	30	65	42	99	43	21	48	32	79	19	46	94	29	80	47	9	66	77	76	14	89	35	39	63	60	48	32	80	34	23	48	43	77	52	5	100	39	86	89	25	95	59	37	90	6	56	48	48	
1	53	10	7	13	43	32	15	47	7	50	58	23	70	57	88	99	14	55	16	66	28	24	40	65	54	28	53	84	59	54	30	53	9	33	3	7	6	5	18	25	43	76	12	97	58	68	47	10	19	
80	52	18	61	43	21	15	67	39	27	22	33	16	24	27	67	89	14	84	88	64	6	77	25	24	16	86	37	25	55	85	59	41	85	83	11	90	26	94	49	32	54	89	83	83	9	27	98	1	89	
13	100	62	57	14	48	47	39	91	89	17	29	3	36	68	8	13	71	67	5	97	36	73	73	1	12	12	80	27	24	18	48	2	34	85	27	2	45	63	30	27	85	19	88	15	37	52	13	44	96	
38	38	1	26	17	32	7	27	89	86	63	28	95	64	43	14	64	12	58	80	72	9	56	78	22	67	29	90	61	5	42	13	86	90	7	70	39	12	86	88	38	96	14	73	93	23	22	4	34	6	
16	13	32	91	96	79	50	22	17	63	49	9	30	85	68	89	20	31	10	27	53	8	32	40	83	54	49	74	84	92	98	72	48	85	96	29	65	41	45	2	71	5	3	3	33	94	22	59	72	28	
89	70	61	84	24	19	58	33	29	28	9	43	32	78	32	14	15	29	52	70	32	100	32	56	79	55	35	75	55	68	88	39	83	23	73	72	57	25	37	76	3	13	80	53	73	34	55	47	40	16	
58	89	95	83	91	46	23	16	3	95	30	32	19	6	77	17	63	70	18	92	5	72	56	31	52	57	47	36	71	38	5	29	72	59	42	63	68	23	65	45	13	34	26	86	39	32	27	88	60	33	
97	57	33	55	54	94	70	24	36	64	85	78	6	75	38	93	98	53	67	36	47	59	66	78	48	31	9	12	65	14	89	34	51	42	7	51	21	18	1	86	61	83	34	81	38	11	66	90	11	5	
95	75	83	18	20	29	57	27	68	43	68	32	77	38	42	62	78	84	28	21	69	16	23	61	58	44	15	9	46	86	40	77	90	72	44	85	28	84	66	15	99	87	74	43	6	88	5	62	27	53	
21	81	33	24	51	80	88	67	8	14	89	14	17	93	62	50	32	97	91	30	16	74	91	87	50	41	33	39	73	41	88	41	34	2	33	73	70	2	84	40	26	59	69	34	12	41	43	32	56	54	
13	98	5	18	66	47	99	89	13	64	20	15	63	98	78	32	61	82	35	4	45	6	54	45	25	39	23	32	83	90	9	81	38	15	64	45	72	38	15	74	41	15	96	30	48	29	58	48	73	72	
49	78	54	38	80	9	14	14	71	12	31	29	70	53	84	97	82	46	41	32	82	36	41	2	27	42	3	29	92	53	16	34	15	60	23	26	55	79	19	1	40	50	99	34	78	88	21	18	54	83	
51	43	24	17	82	66	55	84	67	58	10	52	18	67	28	91	35	41	25	22	13	91	49	11	57	88	83	94	79	83	7	31	96	95	93	37	7	46	15	80	100	63	24	39	76	32	97	77	68	29	
32	7	30	15	41	77	16	88	5	80	27	70	92	36	21	30	4	32	22	65	52	76	49	21	36	44	48	24	73	2	27	59	22	57	84	11	91	52	5	1	63	68	69	45	17	89	63	83	27	99	
71	87	26	51	28	76	66	64	97	72	53	32	5	47	69	16	45	82	13	52	22	20	39	14	65	83	31	91	55	3	71	79	35	37	89	19	41	64	53	57	49	42	68	10	17	56	46	35	84	65	
42	27	85	77	7	14	28	6	36	9	8	100	72	59	16	74	6	36	91	76	20	63	98	88	2	4	44	69	5	27	72	48	43	82	23	77	95	62	80	27	94	11	79	6	38	65	2	95	48	9	
28	50	29	49	90	89	24	77	73	56	32	32	56	66	23	91	54	41	49	49	39	98	64	44	67	29	84	30	14	17	44	72	96	43	95	52	86	87	60	68	56	27	32	5	1	9	23	83	47	85	
96	89	13	7	53	35	40	25	73	78	40	56	31	78	61	87	45	2	11	21	14	88	44	24	29	95	86	73	9	77	70	13	48	83	34	70	67	50	24	42	56	65	68	47	38	74	67	7	92	57	
84	68	69	87	13	39	65	24	1	22	83	79	52	48	58	50	25	27	57	36	65	2	67	29	26	78	44	74	54	39	79	95	88	60	43	98	31	42	47	68	98	80	52	5	29	55	86	96	23	18	
84	40	65	50	11	63	54	16	12	67	54	55	57	31	44	41	39	42	88	44	83	4	29	95	78	45	37	48	91	100	71	25	56	54	95	40	64	32	45	68	63	94	1	50	47	35	22	86	49	69	
96	92	13	8	94	60	28	86	12	29	49	35	47	9	15	33	23	3	83	48	31	44	84	86	44	37	88	74	45	47	70	86	15	57	21	70	39	37	36	77	70	13	88	65	21	82	32	85	97	44	
54	80	90	35	18	48	53	37	80	90	74	75	36	12	9	39	32	29	94	24	91	69	30	73	74	48	74	99	32	59	42	20	52	31	14	83	36	64	47	70	89	10	66	46	28	5	91	67	36	59	
78	87	24	54	78	32	84	25	27	61	84	55	71	65	46	73	83	92	79	73	55	5	14	9	54	91	45	32	75	69	52	90	1	71	59	66	19	1	86	57	76	50	46	30	70	39	37	20	20	41	
30	29	48	57	33	80	59	55	24	5	92	68	38	14	86	41	90	53	83	2	3	27	17	77	39	100	47	59	69	27	66	45	97	60	72	5	31	81	72	68	90	33	1	96	7	38	68	52	6	80	
47	48	15	51	91	34	54	85	18	42	98	88	5	89	40	88	9	16	7	27	71	72	44	70	79	71	70	42	52	66	25	88	82	12	52	89	69	87	37	22	18	29	100	53	100	74	16	6	30	56	
78	82	88	46	38	23	30	59	48	13	72	39	29	34	77	41	81	34	31	59	79	48	72	13	95	25	86	20	90	45	88	10	37	10	14	35	67	89	23	6	35	43	5	82	57	4	85	25	19	55	
37	34	8	4	87	48	53	41	2	86	48	83	72	51	90	34	38	15	96	22	35	43	96	48	88	56	15	52	1	97	82	37	53	58	31	95	2	32	89	85	42	61	97	70	82	13	7	46	10	72	
17	30	70	11	49	43	9	85	34	90	85	23	59	42	72	2	15	60	95	57	37	82	43	83	60	54	57	31	71	60	12	10	58	66	49	26	55	71	40	95	54	44	100	22	78	19	16	55	79	25	
82	55	97	45	75	77	33	83	85	7	96	73	42	7	44	33	64	23	93	84	89	23	95	34	43	95	21	14	59	72	52	14	31	49	63	64	4	28	14	61	88	16	16	73	47	62	25	40	99	89	
80	26	78	97	3	52	3	11	27	70	29	72	63	51	85	73	45	26	37	11	19	77	52	70	98	40	70	83	66	5	89	35	95	26	64	78	81	34	51	76	9	15	82	6	82	53	6	41	84	79	
52	14	97	93	61	5	7	90	2	39	65	57	68	21	28	70	72	55	7	91	41	95	86	67	31	64	39	36	19	31	69	67	2	55	4	81	76	10	24	84	64	22	64	85	50	43	71	77	92	34	
62	94	72	98	77	100	6	26	45	12	41	25	23	18	84	2	38	79	46	52	64	62	87	50	42	32	37	64	1	81	87	89	32	71	28	34	10	9	38	28	61	75	8	97	16	81	52	90	4	25	
100	32	33	81	75	39	5	94	63	86	45	37	65	1	66	84	15	19	15	5	53	80	60	24	47	45	36	47	86	72	37	23	89	40	14	51	24	38	19	30	23	9	77	86	57	19	31	55	95	53	
52	81	46	82	26	86	18	49	30	88	2	76	45	86	15	40	74	1	80	1	57	27	68	42	68	68	77	70	57	68	22	6	85	95	61	76	84	28	30	72	95	35	58	42	82	26	62	72	58	42	
86	5	63	40	17	89	25	32	27	38	71	3	13	61	99	26	41	40	100	63	49	94	56	56	98	63	70	89	76	90	18	35	42	54	88	9	64	61	23	95	97	50	98	82	94	40	22	43	14	2	
97	28	24	23	74	25	43	54	85	96	5	13	34	83	87	59	15	50	63	68	42	11	27	65	80	94	13	10	50	33	29	43	61	44	16	15	22	75	9	35	50	11	52	66	86	94	91	27	4	50	
89	14	10	1	99	95	76	89	19	14	3	80	26	34	74	69	96	99	24	69	68	79	32	68	52	1	88	66	46	1	100	5	97	100	16	82	64	8	77	58	98	52	75	52	42	78	11	56	5	57	
22	65	71	88	46	59	12	83	88	73	3	53	86	81	43	34	30	34	39	45	10	6	5	47	5	50	65	46	30	96	53	82	70	22	73	6	85	97	86	42	82	66	52	17	84	40	58	25	43	58	
68	9	63	1	13	37	97	83	15	93	33	73	39	38	6	12	48	78	76	17	17	38	1	38	29	47	21	28	70	7	100	57	82	78	47	82	50	16	57	82	94	86	42	84	49	49	74	41	14	86	
78	76	14	16	10	90	58	9	37	23	94	34	32	11	88	41	29	88	32	89	56	65	9	74	55	35	82	5	39	38	74	4	13	19	62	53	43	81	19	26	40	94	78	40	49	100	4	60	64	2	
88	11	57	32	52	6	68	27	52	22	22	55	27	66	5	43	58	21	97	63	46	2	23	67	86	22	32	91	37	68	16	85	7	16	25	6	71	52	31	62	22	91	11	58	74	4	96	2	66	65	
18	96	35	22	71	56	47	98	13	4	59	47	88	90	62	32	48	18	77	83	35	95	83	7	96	86	85	67	20	52	6	25	46	55	40	41	77	90	55	72	43	27	56	25	41	60	2	95	48	47	
87	29	42	43	35	48	10	1	44	34	72	40	60	11	27	56	73	54	68	27	84	48	47	92	23	49	97	36	20	6	30	19	10	79	99	84	92	4	95	58	14	4	5	43	14	64	66	48	12	23	
47	34	62	54	74	48	19	89	96	6	28	16	33	5	53	54	72	83	29	99	65	9	85	57	18	69	44	59	41	80	56	55	72	25	89	79	34	25	53	42	2	50	57	58	86	2	65	47	23	9	
