50
1201
98	51	90	32	8	79	25	71	45	31	61	95	72	52	38	17	90	85	15	6	22	50	44	40	71	35	65	39	40	94	47	14	92	20	29	35	36	89	32	38	41	12	54	61	81	27	10	17	63	94	
33	55	16	77	6	79	73	90	53	60	24	29	97	39	20	5	79	14	61	12	73	53	11	77	69	60	45	46	93	86	23	6	84	64	88	60	62	100	21	64	71	57	51	68	60	19	13	59	43	40	
55	78	26	9	61	43	8	48	10	59	30	65	15	47	2	56	74	15	48	43	16	69	82	82	63	44	6	21	44	71	9	23	61	47	62	55	95	16	61	31	59	68	5	90	87	94	54	86	6	1	
16	26	75	78	66	25	74	69	90	74	97	48	87	30	96	10	24	5	22	75	21	16	20	90	75	72	57	53	63	72	34	11	14	38	47	55	68	51	80	71	90	40	60	83	37	67	27	42	95	87	
77	9	78	6	38	57	18	70	78	52	60	58	83	100	90	75	57	66	16	46	37	61	7	90	63	68	76	96	16	44	99	82	48	70	80	27	39	30	16	51	4	61	28	10	12	62	100	37	95	38	
6	61	66	38	69	37	77	67	22	13	86	68	79	74	50	81	85	66	80	19	17	99	7	18	91	32	19	91	12	24	47	78	45	24	33	69	39	13	93	2	46	84	87	12	19	67	9	53	9	53	
79	43	25	57	37	7	45	2	76	43	97	71	69	26	80	3	87	61	94	6	68	53	45	85	94	44	61	73	31	20	92	50	6	76	48	61	84	96	69	85	56	74	32	40	78	66	69	32	92	27	
73	8	74	18	77	45	31	85	91	95	5	1	65	72	73	80	36	78	61	18	25	32	27	51	16	20	57	67	58	78	2	85	94	29	23	100	36	67	68	30	34	86	32	74	69	51	53	68	32	30	
90	48	69	70	67	2	85	5	90	5	55	71	99	43	9	49	82	36	55	9	8	31	24	38	2	97	67	77	23	97	30	23	69	80	17	29	14	58	18	97	21	34	10	40	77	39	99	73	24	72	
53	10	90	78	22	76	91	90	77	27	81	57	86	89	49	45	94	5	59	37	31	91	82	60	96	17	1	91	92	62	76	93	63	90	1	96	91	86	13	62	97	40	84	19	93	52	47	77	92	55	
60	59	74	52	13	43	95	5	27	43	81	89	11	54	42	47	50	50	23	40	1	29	2	30	96	63	95	70	90	3	35	21	37	70	42	83	55	63	55	57	47	57	43	6	100	89	81	24	80	22	
24	30	97	60	86	97	5	55	81	81	47	38	28	31	10	87	37	26	21	37	87	97	56	19	5	14	17	32	81	78	90	7	53	21	26	88	30	79	19	36	98	31	71	48	8	13	38	9	49	58	
29	65	48	58	68	71	1	71	57	89	38	12	98	75	48	2	7	32	16	56	1	70	7	55	96	56	68	82	26	18	2	15	52	65	76	65	24	3	65	63	1	88	31	35	21	4	95	36	22	39	
97	15	87	83	79	69	65	99	86	11	28	98	8	52	78	24	67	56	24	24	43	4	81	66	9	76	14	83	39	22	5	41	47	70	1	72	42	90	98	90	60	59	100	38	83	12	94	55	91	58	
39	47	30	100	74	26	72	43	89	54	31	75	52	38	96	8	85	89	5	7	44	46	90	39	50	77	58	60	23	9	80	39	74	63	2	16	64	57	12	4	62	8	11	75	84	89	29	43	32	70	
20	2	96	90	50	80	73	9	49	42	10	48	78	96	34	36	31	90	67	33	38	75	53	97	48	75	4	48	12	97	64	13	82	11	55	59	87	99	48	2	50	8	84	94	5	7	26	68	52	25	
5	56	10	75	81	3	80	49	45	47	87	2	24	8	36	15	44	76	82	7	73	53	42	48	16	30	39	93	36	89	52	24	100	75	16	24	99	41	100	28	96	15	16	55	89	67	55	88	3	75	
79	74	24	57	85	87	36	82	94	50	37	7	67	85	31	44	62	80	31	97	6	13	29	86	35	97	94	80	60	93	83	49	15	56	69	71	43	90	28	57	23	41	83	85	22	31	99	96	60	1	
14	15	5	66	66	61	78	36	5	50	26	32	56	89	90	76	80	79	84	25	65	30	58	90	19	38	84	97	11	74	72	65	13	12	35	40	35	73	8	54	62	91	82	21	52	18	94	90	57	78	
61	48	22	16	80	94	61	55	59	23	21	16	24	5	67	82	31	84	73	46	25	96	100	93	78	93	19	59	12	34	56	11	75	49	34	83	24	48	66	42	39	65	65	69	14	94	39	37	16	69	
12	43	75	46	19	6	18	9	37	40	37	56	24	7	33	7	97	25	46	93	36	25	33	45	79	22	6	96	13	94	73	74	23	34	57	70	17	99	24	43	41	76	6	58	14	24	9	38	53	73	
73	16	21	37	17	68	25	8	31	1	87	1	43	44	38	73	6	65	25	36	9	86	48	18	78	43	36	71	72	99	66	86	80	15	87	79	19	16	39	28	29	62	54	74	18	41	60	97	43	87	
53	69	16	61	99	53	32	31	91	29	97	70	4	46	75	53	13	30	96	25	86	67	94	85	95	17	69	51	12	72	17	5	2	56	70	70	17	12	36	4	50	1	62	8	92	74	83	93	63	75	
11	82	20	7	7	45	27	24	82	2	56	7	81	90	53	42	29	58	100	33	48	94	21	58	31	46	16	24	9	38	75	79	25	68	64	4	91	86	12	89	45	84	5	76	83	86	50	35	23	92	
77	82	90	90	18	85	51	38	60	30	19	55	66	39	97	48	86	90	93	45	18	85	58	14	100	4	38	61	3	73	100	34	76	25	16	87	40	61	1	49	87	29	95	58	99	5	97	33	85	13	
69	63	75	63	91	94	16	2	96	96	5	96	9	50	48	16	35	19	78	79	78	95	31	100	86	99	18	49	95	8	61	28	19	43	53	21	1	76	100	59	50	32	16	82	28	18	26	22	38	88	
60	44	72	68	32	44	20	97	17	63	14	56	76	77	75	30	97	38	93	22	43	17	46	4	99	21	15	17	12	62	66	100	15	78	99	80	70	13	39	78	28	1	38	90	10	29	33	75	6	16	
45	6	57	76	19	61	57	67	1	95	17	68	14	58	4	39	94	84	19	6	36	69	16	38	18	15	9	12	51	56	90	6	51	60	3	1	35	50	5	90	63	6	2	87	27	73	95	49	46	37	
46	21	53	96	91	73	67	77	91	70	32	82	83	60	48	93	80	97	59	96	71	51	24	61	49	17	12	19	59	95	10	72	80	37	13	68	91	11	13	68	58	52	81	33	38	27	91	35	36	83	
93	44	63	16	12	31	58	23	92	90	81	26	39	23	12	36	60	11	12	13	72	12	9	3	95	12	51	59	66	50	79	32	9	19	78	81	87	98	13	13	45	81	57	29	61	100	40	44	83	22	
86	71	72	44	24	20	78	97	62	3	78	18	22	9	97	89	93	74	34	94	99	72	38	73	8	62	56	95	50	39	36	25	6	11	71	72	50	89	7	91	98	80	27	67	81	41	4	86	80	46	
23	9	34	99	47	92	2	30	76	35	90	2	5	80	64	52	83	72	56	73	66	17	75	100	61	66	90	10	79	36	64	33	60	76	37	47	82	26	19	55	5	7	79	60	43	61	96	55	9	99	
6	23	11	82	78	50	85	23	93	21	7	15	41	39	13	24	49	65	11	74	86	5	79	34	28	100	6	72	32	25	33	84	11	46	11	41	90	72	56	32	68	76	14	17	43	73	39	43	42	64	
84	61	14	48	45	6	94	69	63	37	53	52	47	74	82	100	15	13	75	23	80	2	25	76	19	15	51	80	9	6	60	11	79	64	61	64	5	59	21	71	17	56	92	70	99	91	92	84	45	64	
64	47	38	70	24	76	29	80	90	70	21	65	70	63	11	75	56	12	49	34	15	56	68	25	43	78	60	37	19	11	76	46	64	82	82	11	56	78	18	1	94	94	39	69	76	53	47	92	77	6	
88	62	47	80	33	48	23	17	1	42	26	76	1	2	55	16	69	35	34	57	87	70	64	16	53	99	3	13	78	71	37	11	61	82	60	22	39	77	34	35	36	40	60	11	46	47	47	22	41	46	
60	55	55	27	69	61	100	29	96	83	88	65	72	16	59	24	71	40	83	70	79	70	4	87	21	80	1	68	81	72	47	41	64	11	22	31	92	16	19	56	88	56	29	69	82	6	43	29	70	27	
62	95	68	39	39	84	36	14	91	55	30	24	42	64	87	99	43	35	24	17	19	17	91	40	1	70	35	91	87	50	82	90	5	56	39	92	47	5	90	18	81	19	79	19	36	78	43	20	60	5	
100	16	51	30	13	96	67	58	86	63	79	3	90	57	99	41	90	73	48	99	16	12	86	61	76	13	50	11	98	89	26	72	59	78	77	16	5	96	12	26	6	94	99	26	97	56	85	82	97	72	
21	61	80	16	93	69	68	18	13	55	19	65	98	12	48	100	28	8	66	24	39	36	12	1	100	39	5	13	13	7	19	56	21	18	34	19	90	12	26	48	90	20	39	70	87	67	87	58	35	66	
64	31	71	51	2	85	30	97	62	57	36	63	90	4	2	28	57	54	42	43	28	4	89	49	59	78	90	68	13	91	55	32	71	1	35	56	18	26	48	36	1	96	26	71	17	44	59	86	28	85	
71	59	90	4	46	56	34	21	97	47	98	1	60	62	50	96	23	62	39	41	29	50	45	87	50	28	63	58	45	98	5	68	17	94	36	88	81	6	90	1	47	53	84	95	7	69	51	33	11	11	
57	68	40	61	84	74	86	34	40	57	31	88	59	8	8	15	41	91	65	76	62	1	84	29	32	1	6	52	81	80	7	76	56	94	40	56	19	94	20	96	53	39	6	81	73	3	48	36	89	38	
51	5	60	28	87	32	32	10	84	43	71	31	100	11	84	16	83	82	65	6	54	62	5	95	16	38	2	81	57	27	79	14	92	39	60	29	79	99	39	26	84	6	67	41	89	27	13	68	78	87	
68	90	83	10	12	40	74	40	19	6	48	35	38	75	94	55	85	21	69	58	74	8	76	58	82	90	87	33	29	67	60	17	70	69	11	69	19	26	70	71	95	81	41	95	54	1	10	49	57	61	
60	87	37	12	19	78	69	77	93	100	8	21	83	84	5	89	22	52	14	14	18	92	83	99	28	10	27	38	61	81	43	43	99	76	46	82	36	97	87	17	7	73	89	54	28	63	93	26	11	94	
19	94	67	62	67	66	51	39	52	89	13	4	12	89	7	67	31	18	94	24	41	74	86	5	18	29	73	27	100	41	61	73	91	53	47	6	78	56	67	44	69	3	27	1	63	45	39	97	63	67	
13	54	27	100	9	69	53	99	47	81	38	95	94	29	26	55	99	94	39	9	60	83	50	97	26	33	95	91	40	4	96	39	92	47	47	43	43	85	87	59	51	48	13	10	93	39	15	26	82	9	
59	86	42	37	53	32	68	73	77	24	9	36	55	43	68	88	96	90	37	38	97	93	35	33	22	75	49	35	44	86	55	43	84	92	22	29	20	82	58	86	33	36	68	49	26	97	26	53	33	42	
43	6	95	95	9	92	32	24	92	80	49	22	91	32	52	3	60	57	16	53	43	63	23	85	38	6	46	36	83	80	9	42	45	77	41	70	60	97	35	28	11	89	78	57	11	63	82	33	61	72	
40	1	87	38	53	27	30	72	55	22	58	39	58	70	25	75	1	78	69	73	87	75	92	13	88	16	37	83	22	46	99	64	64	6	46	27	5	72	66	85	11	38	87	61	94	67	9	42	72	53	
