50
1429
61	86	67	22	88	41	70	41	99	65	3	9	25	76	77	84	61	74	34	78	72	90	47	30	91	83	63	90	24	58	100	23	4	42	62	96	48	16	75	85	97	52	82	13	33	41	25	54	63	32	
50	20	73	81	77	89	8	68	40	15	44	52	28	6	25	18	11	13	92	11	85	31	78	6	91	33	14	78	71	5	12	2	82	14	12	63	12	75	39	71	37	86	99	96	8	78	56	96	11	87	
20	21	66	85	1	99	22	57	65	49	48	40	52	24	91	22	27	92	73	44	82	75	97	70	16	48	6	77	6	47	99	34	20	83	97	45	9	27	42	3	38	78	82	56	73	87	38	81	41	81	
73	66	55	89	35	24	4	58	100	80	48	11	93	68	12	75	7	12	79	7	54	87	71	28	8	15	36	84	42	69	3	61	40	40	15	90	79	66	32	61	47	32	4	73	73	75	13	81	83	40	
81	85	89	93	1	32	66	37	16	86	59	64	36	73	22	23	54	48	24	91	87	76	72	39	62	1	61	34	21	65	33	88	84	46	66	3	95	66	22	54	7	96	15	54	89	89	35	20	74	53	
77	1	35	1	54	10	65	43	79	45	33	15	88	14	79	12	38	2	36	96	77	14	65	9	77	3	90	82	9	82	80	37	36	81	44	63	5	60	26	49	73	22	19	62	86	38	79	12	41	68	
89	99	24	32	10	43	1	67	41	5	88	58	87	100	22	56	27	45	66	48	70	70	33	5	88	45	36	33	37	44	92	30	74	25	42	95	52	65	16	83	75	12	56	15	74	14	43	57	17	76	
8	22	4	66	65	1	79	7	9	30	39	90	29	67	95	77	34	7	87	48	26	61	77	98	21	37	90	100	77	67	83	25	94	87	94	12	54	75	36	94	46	61	47	52	89	40	53	87	69	74	
68	57	58	37	43	67	7	11	65	44	86	19	66	13	1	41	96	83	51	62	39	96	17	85	88	79	26	55	29	92	70	58	3	6	29	62	31	40	69	80	78	7	44	63	26	82	37	92	43	74	
40	65	100	16	79	41	9	65	6	38	81	59	58	76	22	35	66	7	13	9	37	94	31	50	63	7	3	72	51	83	56	50	17	85	8	88	31	30	36	36	11	6	77	76	11	89	2	29	15	95	
15	49	80	86	45	5	30	44	38	14	54	99	21	100	14	35	67	73	37	10	33	57	3	47	25	73	42	30	81	57	74	34	46	99	72	46	15	3	41	93	6	32	47	61	16	83	89	19	78	38	
44	48	48	59	33	88	39	86	81	54	90	58	78	23	71	47	10	59	49	4	27	13	45	10	82	61	11	9	56	17	2	10	39	72	10	16	82	15	47	22	25	34	21	95	87	96	3	76	32	68	
52	40	11	64	15	58	90	19	59	99	58	8	41	1	9	95	13	18	56	14	21	95	38	29	82	3	1	38	57	30	98	73	99	31	42	21	61	27	11	100	24	90	97	1	87	7	88	79	68	22	
28	52	93	36	88	87	29	66	58	21	78	41	4	10	72	68	78	61	20	93	6	66	5	75	55	30	93	46	62	79	33	78	22	85	19	37	67	30	1	82	74	2	48	55	99	33	65	80	80	61	
6	24	68	73	14	100	67	13	76	100	23	1	10	90	11	61	27	16	82	47	82	66	10	52	49	87	60	88	77	79	36	71	25	65	35	71	78	100	80	4	100	23	68	3	21	3	30	91	57	72	
25	91	12	22	79	22	95	1	22	14	71	9	72	11	96	51	22	15	84	8	87	59	74	17	73	57	63	63	43	64	72	89	21	50	74	16	70	21	98	74	80	36	2	18	92	20	48	40	82	69	
18	22	75	23	12	56	77	41	35	35	47	95	68	61	51	41	34	16	11	42	50	29	61	96	37	24	10	22	71	78	47	64	94	72	61	19	6	79	95	87	50	10	18	90	39	34	11	67	51	10	
11	27	7	54	38	27	34	96	66	67	10	13	78	27	22	34	99	86	81	44	30	69	13	54	33	85	74	77	83	60	41	66	10	22	69	11	54	90	71	100	9	14	49	36	56	85	49	89	45	32	
13	92	12	48	2	45	7	83	7	73	59	18	61	16	15	16	86	41	78	80	49	96	11	4	90	46	51	9	64	57	24	94	78	44	53	83	66	30	50	81	57	97	87	58	42	79	57	95	43	13	
92	73	79	24	36	66	87	51	13	37	49	56	20	82	84	11	81	78	73	2	22	58	79	92	13	19	11	70	36	27	58	94	37	42	18	13	6	8	39	28	40	48	92	91	20	39	47	42	76	84	
11	44	7	91	96	48	48	62	9	10	4	14	93	47	8	42	44	80	2	71	40	51	70	72	1	38	60	42	36	98	38	51	64	96	61	97	19	14	97	3	32	71	87	40	18	39	78	45	18	89	
85	82	54	87	77	70	26	39	37	33	27	21	6	82	87	50	30	49	22	40	14	54	83	92	12	38	64	58	43	67	5	97	81	55	98	44	18	86	21	47	57	83	12	17	86	78	69	70	25	92	
31	75	87	76	14	70	61	96	94	57	13	95	66	66	59	29	69	96	58	51	54	90	20	48	59	24	72	38	17	32	63	16	19	49	12	87	63	28	92	7	50	19	98	42	79	61	74	43	86	13	
78	97	71	72	65	33	77	17	31	3	45	38	5	10	74	61	13	11	79	70	83	20	75	50	12	58	72	97	81	23	39	60	41	62	49	39	96	40	17	95	6	66	12	44	29	8	69	12	5	18	
6	70	28	39	9	5	98	85	50	47	10	29	75	52	17	96	54	4	92	72	92	48	50	66	72	29	96	31	36	79	13	43	57	92	77	68	83	92	16	5	41	3	100	49	99	55	18	25	81	68	
91	16	8	62	77	88	21	88	63	25	82	82	55	49	73	37	33	90	13	1	12	59	12	72	16	18	29	22	62	6	22	74	3	82	25	25	32	98	60	67	31	15	33	27	42	47	21	36	51	37	
33	48	15	1	3	45	37	79	7	73	61	3	30	87	57	24	85	46	19	38	38	24	58	29	18	79	52	5	46	60	64	85	74	22	82	77	58	12	67	44	55	64	72	14	92	67	47	16	74	2	
14	6	36	61	90	36	90	26	3	42	11	1	93	60	63	10	74	51	11	60	64	72	72	96	29	52	48	58	16	30	13	48	9	11	29	70	58	90	33	100	41	83	66	75	77	73	69	85	91	87	
78	77	84	34	82	33	100	55	72	30	9	38	46	88	63	22	77	9	70	42	58	38	97	31	22	5	58	88	97	98	74	24	7	11	61	7	65	71	69	57	60	59	89	72	74	50	53	66	19	87	
71	6	42	21	9	37	77	29	51	81	56	57	62	77	43	71	83	64	36	36	43	17	81	36	62	46	16	97	27	72	33	15	72	76	22	3	95	73	50	63	32	98	41	45	88	71	66	88	41	87	
5	47	69	65	82	44	67	92	83	57	17	30	79	79	64	78	60	57	27	98	67	32	23	79	6	60	30	98	72	6	14	46	37	14	71	56	17	69	79	34	31	90	63	71	29	36	13	68	14	33	
12	99	3	33	80	92	83	70	56	74	2	98	33	36	72	47	41	24	58	38	5	63	39	13	22	64	13	74	33	14	81	97	62	28	75	100	4	63	10	65	99	37	31	47	52	57	88	66	85	68	
2	34	61	88	37	30	25	58	50	34	10	73	78	71	89	64	66	94	94	51	97	16	60	43	74	85	48	24	15	46	97	69	25	26	65	84	24	57	27	74	22	45	37	40	4	2	19	82	78	59	
82	20	40	84	36	74	94	3	17	46	39	99	22	25	21	94	10	78	37	64	81	19	41	57	3	74	9	7	72	37	62	25	18	80	69	95	95	18	22	39	4	31	74	41	55	95	86	41	59	24	
14	83	40	46	81	25	87	6	85	99	72	31	85	65	50	72	22	44	42	96	55	49	62	92	82	22	11	11	76	14	28	26	80	35	16	31	6	41	19	41	79	88	39	4	74	92	40	46	27	29	
12	97	15	66	44	42	94	29	8	72	10	42	19	35	74	61	69	53	18	61	98	12	49	77	25	82	29	61	22	71	75	65	69	16	62	74	29	17	96	74	23	42	79	48	86	4	99	53	55	58	
63	45	90	3	63	95	12	62	88	46	16	21	37	71	16	19	11	83	13	97	44	87	39	68	25	77	70	7	3	56	100	84	95	31	74	24	56	38	27	26	97	41	61	57	3	76	63	23	97	47	
12	9	79	95	5	52	54	31	31	15	82	61	67	78	70	6	54	66	6	19	18	63	96	83	32	58	58	65	95	17	4	24	95	6	29	56	96	44	96	84	79	37	10	89	10	98	23	37	43	24	
75	27	66	66	60	65	75	40	30	3	15	27	30	100	21	79	90	30	8	14	86	28	40	92	98	12	90	71	73	69	63	57	18	41	17	38	44	66	31	58	29	14	45	65	94	86	29	90	89	53	
39	42	32	22	26	16	36	69	36	41	47	11	1	80	98	95	71	50	39	97	21	92	17	16	60	67	33	69	50	79	10	27	22	19	96	27	96	31	8	19	44	75	69	81	5	59	70	15	23	70	
71	3	61	54	49	83	94	80	36	93	22	100	82	4	74	87	100	81	28	3	47	7	95	5	67	44	100	57	63	34	65	74	39	41	74	26	84	58	19	84	15	33	20	38	55	1	51	5	79	84	
37	38	47	7	73	75	46	78	11	6	25	24	74	100	80	50	9	57	40	32	57	50	6	41	31	55	41	60	32	31	99	22	4	79	23	97	79	29	44	15	63	3	77	49	44	13	74	6	64	1	
86	78	32	96	22	12	61	7	6	32	34	90	2	23	36	10	14	97	48	71	83	19	66	3	15	64	83	59	98	90	37	45	31	88	42	41	37	14	75	33	3	62	92	51	84	21	14	88	34	52	
99	82	4	15	19	56	47	44	77	47	21	97	48	68	2	18	49	87	92	87	12	98	12	100	33	72	66	89	41	63	31	37	74	39	79	61	10	45	69	20	77	92	86	70	7	38	79	65	76	73	
96	56	73	54	62	15	52	63	76	61	95	1	55	3	18	90	36	58	91	40	17	42	44	49	27	14	75	72	45	71	47	40	41	4	48	57	89	65	81	38	49	51	70	67	27	91	42	19	53	48	
8	73	73	89	86	74	89	26	11	16	87	87	99	21	92	39	56	42	20	18	86	79	29	99	42	92	77	74	88	29	52	4	55	74	86	3	10	94	5	55	44	84	7	27	47	36	48	98	67	49	
78	87	75	89	38	14	40	82	89	83	96	7	33	3	20	34	85	79	39	39	78	61	8	55	47	67	73	50	71	36	57	2	95	92	4	76	98	86	59	1	13	21	38	91	36	51	62	7	10	70	
56	38	13	35	79	43	53	37	2	89	3	88	65	30	48	11	49	57	47	78	69	74	69	18	21	47	69	53	66	13	88	19	86	40	99	63	23	29	70	51	74	14	79	42	48	62	95	53	33	67	
96	81	81	20	12	57	87	92	29	19	76	79	80	91	40	67	89	95	42	45	70	43	12	25	36	16	85	66	88	68	66	82	41	46	53	23	37	90	15	5	6	88	65	19	98	7	53	51	3	19	
11	41	83	74	41	17	69	43	15	78	32	68	80	57	82	51	45	43	76	18	25	86	5	81	51	74	91	19	41	14	85	78	59	27	55	97	43	89	23	79	64	34	76	53	67	10	33	3	80	44	
87	81	40	53	68	76	74	74	95	38	68	22	61	72	69	10	32	13	84	89	92	13	18	68	37	2	87	87	87	33	68	59	24	29	58	47	24	53	70	84	1	52	73	48	49	70	67	19	44	87	
