50
1585
79	51	19	98	62	76	16	58	63	94	42	62	93	65	54	46	13	86	6	87	25	20	80	6	34	73	74	33	77	85	15	51	79	31	76	87	49	47	64	25	20	84	1	58	67	46	97	33	47	88	
19	10	52	28	50	78	5	35	56	41	43	83	48	49	16	64	62	82	74	50	5	69	23	93	22	63	90	90	12	48	76	70	77	90	70	63	4	5	51	81	39	86	50	43	92	2	18	53	56	62	
10	64	1	3	84	19	24	2	66	62	48	7	74	95	92	65	90	94	53	84	50	17	36	62	85	78	9	96	53	52	97	47	53	3	91	1	79	7	62	21	91	10	40	14	76	3	27	12	43	74	
52	1	60	85	47	35	35	57	71	6	88	38	42	99	60	12	54	21	31	16	50	6	79	67	74	61	50	19	53	75	34	38	47	81	68	16	41	34	31	10	38	82	32	91	99	68	78	21	29	44	
28	3	85	73	66	92	34	26	8	90	84	85	8	14	93	20	29	60	78	41	67	91	1	63	92	24	22	92	72	34	91	35	12	72	53	5	32	46	9	28	71	60	72	36	99	99	6	53	53	56	
50	84	47	66	24	10	95	7	54	96	87	51	45	5	86	55	17	41	68	22	10	94	42	80	62	33	66	23	8	1	55	34	4	71	40	29	82	6	17	38	79	64	18	64	89	37	74	34	62	55	
78	19	35	92	10	8	55	10	78	75	57	87	31	22	33	86	14	84	56	74	19	27	34	47	39	54	72	14	17	7	37	11	46	25	90	40	8	74	51	61	98	86	57	41	20	45	71	11	50	4	
5	24	35	34	95	55	1	33	51	84	56	45	6	66	37	37	1	30	47	37	30	7	95	3	41	27	92	50	26	17	16	28	57	10	39	99	51	8	81	14	75	70	8	69	94	99	60	19	80	100	
35	2	57	26	7	10	33	52	38	17	68	12	95	13	13	100	40	50	24	71	42	11	60	14	9	68	66	11	52	71	43	74	28	11	1	60	85	86	19	93	18	61	59	42	75	81	100	62	34	93	
56	66	71	8	54	78	51	38	98	65	68	73	69	82	55	2	14	71	4	73	97	86	57	75	70	80	86	56	58	49	99	54	49	89	12	46	28	59	47	1	62	33	13	2	78	56	74	43	39	37	
41	62	6	90	96	75	84	17	65	1	76	61	57	91	70	27	85	84	23	73	36	30	51	68	67	70	93	66	15	96	61	76	61	31	64	38	98	45	47	43	81	65	98	21	6	48	24	19	48	29	
43	48	88	84	87	57	56	68	68	76	64	75	93	98	36	23	63	68	89	89	38	93	31	61	58	15	42	25	52	87	26	94	49	69	81	82	2	15	99	70	13	52	48	16	9	23	53	77	29	85	
83	7	38	85	51	87	45	12	73	61	75	60	29	29	30	1	75	29	37	83	49	33	64	68	35	30	18	44	80	14	81	35	69	71	98	67	68	94	69	24	78	89	8	20	27	90	80	100	53	9	
48	74	42	8	45	31	6	95	69	57	93	29	66	57	9	61	61	34	84	26	44	47	75	11	28	53	85	40	12	33	79	53	37	29	24	6	90	73	16	90	1	56	100	24	98	1	10	57	19	26	
49	95	99	14	5	22	66	13	82	91	98	29	57	75	8	65	72	56	95	66	28	63	27	92	10	99	24	67	28	67	32	43	4	11	60	35	6	75	79	95	11	86	85	74	90	87	40	26	81	94	
16	92	60	93	86	33	37	13	55	70	36	30	9	8	41	74	30	25	14	49	28	66	40	21	21	97	27	95	26	90	30	7	20	85	53	89	13	35	82	72	4	52	46	64	33	31	76	52	2	19	
64	65	12	20	55	86	37	100	2	27	23	1	61	65	74	21	37	24	59	89	55	10	36	96	98	18	59	94	13	81	95	17	88	63	78	65	58	76	45	98	89	51	60	27	26	86	81	69	76	6	
62	90	54	29	17	14	1	40	14	85	63	75	61	72	30	37	85	20	33	2	6	28	5	21	29	33	6	33	33	54	93	44	3	66	92	89	1	95	95	42	98	99	79	75	7	77	50	69	9	14	
82	94	21	60	41	84	30	50	71	84	68	29	34	56	25	24	20	3	5	67	26	40	50	83	54	90	10	22	54	84	74	2	50	15	86	34	74	44	91	49	92	39	76	12	24	74	37	32	22	99	
74	53	31	78	68	56	47	24	4	23	89	37	84	95	14	59	33	5	43	20	14	63	97	83	15	55	76	78	76	96	87	14	19	9	90	23	39	39	45	59	49	52	77	19	63	13	37	86	28	8	
50	84	16	41	22	74	37	71	73	73	89	83	26	66	49	89	2	67	20	5	45	79	70	38	60	99	55	55	25	50	29	82	10	63	20	24	98	88	82	46	80	30	95	83	88	85	40	91	86	44	
5	50	50	67	10	19	30	42	97	36	38	49	44	28	28	55	6	26	14	45	62	2	75	51	56	75	66	11	47	44	86	81	48	45	57	3	72	69	1	79	33	70	98	36	16	35	18	69	68	17	
69	17	6	91	94	27	7	11	86	30	93	33	47	63	66	10	28	40	63	79	2	83	80	11	66	24	63	71	73	90	83	72	55	85	1	2	61	93	23	72	71	44	49	40	7	85	2	74	17	60	
23	36	79	1	42	34	95	60	57	51	31	64	75	27	40	36	5	50	97	70	75	80	63	50	96	97	38	50	74	72	29	1	42	7	28	15	93	5	2	43	30	86	48	60	64	68	15	49	90	29	
93	62	67	63	80	47	3	14	75	68	61	68	11	92	21	96	21	83	83	38	51	11	50	51	49	40	5	59	67	18	96	50	11	97	12	55	92	67	31	3	2	82	72	42	97	82	84	73	16	78	
22	85	74	92	62	39	41	9	70	67	58	35	28	10	21	98	29	54	15	60	56	66	96	49	9	35	11	71	20	53	72	79	13	66	56	23	34	12	81	9	88	57	56	16	16	87	18	32	12	97	
63	78	61	24	33	54	27	68	80	70	15	30	53	99	97	18	33	90	55	99	75	24	97	40	35	5	16	54	87	45	14	23	96	13	33	45	15	60	83	17	45	1	28	38	80	77	82	76	21	14	
90	9	50	22	66	72	92	66	86	93	42	18	85	24	27	59	6	10	76	55	66	63	38	5	11	16	6	53	64	30	19	98	92	67	17	3	51	5	93	15	40	90	98	95	72	24	68	60	42	35	
90	96	19	92	23	14	50	11	56	66	25	44	40	67	95	94	33	22	78	55	11	71	50	59	71	54	53	89	44	98	42	20	1	86	60	62	92	80	13	60	52	8	24	2	60	76	77	50	38	50	
12	53	53	72	8	17	26	52	58	15	52	80	12	28	26	13	33	54	76	25	47	73	74	67	20	87	64	44	14	53	32	77	35	67	67	27	11	94	90	85	39	25	46	85	53	17	7	18	88	20	
48	52	75	34	1	7	17	71	49	96	87	14	33	67	90	81	54	84	96	50	44	90	72	18	53	45	30	98	53	37	83	100	13	29	80	45	80	4	27	13	56	47	2	14	17	28	10	83	71	27	
76	97	34	91	55	37	16	43	99	61	26	81	79	32	30	95	93	74	87	29	86	83	29	96	72	14	19	42	32	83	97	72	46	24	56	60	55	35	3	69	52	67	2	91	35	84	6	68	10	97	
70	47	38	35	34	11	28	74	54	76	94	35	53	43	7	17	44	2	14	82	81	72	1	50	79	23	98	20	77	100	72	31	17	56	42	53	100	29	53	57	96	51	88	1	17	37	72	38	43	45	
77	53	47	12	4	46	57	28	49	61	49	69	37	4	20	88	3	50	19	10	48	55	42	11	13	96	92	1	35	13	46	17	80	1	30	88	30	72	68	80	59	93	95	35	1	72	100	30	74	17	
90	3	81	72	71	25	10	11	89	31	69	71	29	11	85	63	66	15	9	63	45	85	7	97	66	13	67	86	67	29	24	56	1	70	44	80	52	27	11	82	29	97	74	28	78	97	50	69	45	28	
70	91	68	53	40	90	39	1	12	64	81	98	24	60	53	78	92	86	90	20	57	1	28	12	56	33	17	60	67	80	56	42	30	44	22	64	95	69	40	17	16	83	67	90	36	47	89	14	30	100	
63	1	16	5	29	40	99	60	46	38	82	67	6	35	89	65	89	34	23	24	3	2	15	55	23	45	3	62	27	45	60	53	88	80	64	10	94	58	64	37	18	80	68	85	20	96	14	95	10	56	
4	79	41	32	82	8	51	85	28	98	2	68	90	6	13	58	1	74	39	98	72	61	93	92	34	15	51	92	11	80	55	100	30	52	95	94	89	38	9	23	79	61	38	47	99	61	40	99	10	29	
5	7	34	46	6	74	8	86	59	45	15	94	73	75	35	76	95	44	39	88	69	93	5	67	12	60	5	80	94	4	35	29	72	27	69	58	38	67	91	18	82	13	18	4	3	46	68	64	12	5	
51	62	31	9	17	51	81	19	47	47	99	69	16	79	82	45	95	91	45	82	1	23	2	31	81	83	93	13	90	27	3	53	68	11	40	64	9	91	53	83	82	80	88	100	60	92	18	73	75	67	
81	21	10	28	38	61	14	93	1	43	70	24	90	95	72	98	42	49	59	46	79	72	43	3	9	17	15	60	85	13	69	57	80	82	17	37	23	18	83	69	21	44	5	99	48	43	67	20	52	31	
39	91	38	71	79	98	75	18	62	81	13	78	1	11	4	89	98	92	49	80	33	71	30	2	88	45	40	52	39	56	52	96	59	29	16	18	79	82	82	21	51	51	22	44	83	52	3	76	26	56	
86	10	82	60	64	86	70	61	33	65	52	89	56	86	52	51	99	39	52	30	70	44	86	82	57	1	90	8	25	47	67	51	93	97	83	80	61	13	80	44	51	72	46	40	35	98	100	70	16	85	
50	40	32	72	18	57	8	59	13	98	48	8	100	85	46	60	79	76	77	95	98	49	48	72	56	28	98	24	46	2	2	88	95	74	67	68	38	18	88	5	22	46	69	67	70	31	14	70	27	37	
43	14	91	36	64	41	69	42	2	21	16	20	24	74	64	27	75	12	19	83	36	40	60	42	16	38	95	2	85	14	91	1	35	28	90	85	47	4	100	99	44	40	67	86	48	83	63	73	34	47	
92	76	99	99	89	20	94	75	78	6	9	27	98	90	33	26	7	24	63	88	16	7	64	97	16	80	72	60	53	17	35	17	1	78	36	20	99	3	60	48	83	35	70	48	90	77	99	34	12	38	
2	3	68	99	37	45	99	81	56	48	23	90	1	87	31	86	77	74	13	85	35	85	68	82	87	77	24	76	17	28	84	37	72	97	47	96	61	46	92	43	52	98	31	83	77	39	84	42	16	63	
18	27	78	6	74	71	60	100	74	24	53	80	10	40	76	81	50	37	37	40	18	2	15	84	18	82	68	77	7	10	6	72	100	50	89	14	40	68	18	67	3	100	14	63	99	84	22	90	81	20	
53	12	21	53	34	11	19	62	43	19	77	100	57	26	52	69	69	32	86	91	69	74	49	73	32	76	60	50	18	83	68	38	30	69	14	95	99	64	73	20	76	70	70	73	34	42	90	97	61	99	
56	43	29	53	62	50	80	34	39	48	29	53	19	81	2	76	9	22	28	86	68	17	90	16	12	21	42	38	88	71	10	43	74	45	30	10	10	12	75	52	26	16	27	34	12	16	81	61	95	89	
62	74	44	56	55	4	100	93	37	29	85	9	26	94	19	6	14	99	8	44	17	60	29	78	97	14	35	50	20	27	97	45	17	28	100	56	29	5	67	31	56	85	37	47	38	63	20	99	89	58	
