50
1190
8	16	49	77	1	28	90	56	95	36	2	39	37	50	73	74	32	85	7	78	39	6	55	14	99	59	64	69	28	39	46	81	60	96	28	7	42	91	49	30	91	66	83	32	42	34	81	54	78	62	
39	51	98	41	82	34	97	54	35	26	60	55	57	8	92	70	59	31	63	98	49	81	68	81	30	77	73	45	77	15	41	96	29	49	28	69	40	44	43	75	52	91	65	69	64	77	92	65	4	88	
51	9	45	15	23	60	68	82	6	30	74	78	86	23	84	65	48	81	55	25	66	69	50	98	69	86	25	22	95	85	30	70	50	10	19	12	21	36	93	91	88	33	69	30	38	79	96	38	36	52	
98	45	67	97	93	29	35	44	95	15	67	63	20	6	80	76	68	67	72	80	48	99	43	35	69	84	80	64	12	3	20	65	63	9	83	91	42	31	48	63	58	7	85	73	7	60	12	87	47	27	
41	15	97	73	58	30	78	29	30	32	12	78	13	68	99	51	94	15	27	27	30	100	37	59	83	27	57	1	24	79	38	95	27	79	3	13	79	62	63	84	50	96	22	18	70	89	42	8	67	10	
82	23	93	58	62	72	55	55	69	79	39	50	98	87	60	6	32	46	4	40	73	44	58	9	10	70	32	25	62	70	23	53	19	87	69	3	93	34	11	56	42	97	2	33	47	64	52	65	58	25	
34	60	29	30	72	49	30	54	72	27	70	63	82	41	96	12	31	41	71	84	19	29	21	34	100	51	10	49	26	32	70	38	99	88	31	98	81	41	25	97	52	88	16	7	85	2	31	1	38	44	
97	68	35	78	55	30	5	12	99	97	28	48	21	98	5	5	89	11	39	35	32	75	32	29	61	19	71	19	41	98	37	37	47	69	77	41	67	68	10	82	80	89	36	45	83	2	34	58	23	16	
54	82	44	29	55	54	12	45	75	60	10	22	20	12	65	57	12	65	59	29	38	81	82	40	91	77	58	76	84	77	69	47	88	11	6	32	54	55	94	4	61	97	74	24	32	38	34	31	4	2	
35	6	95	30	69	72	99	75	61	9	42	25	13	6	74	89	30	92	46	21	50	69	14	29	90	11	86	80	63	5	5	61	58	49	94	30	77	8	80	76	31	82	1	43	44	66	53	21	28	19	
26	30	15	32	79	27	97	60	9	82	16	2	60	3	5	76	4	80	38	14	13	30	42	80	86	99	91	73	5	34	57	76	7	74	2	81	63	3	2	31	96	13	65	12	87	86	1	69	4	38	
60	74	67	12	39	70	28	10	42	16	27	67	73	53	11	67	21	91	6	43	70	21	19	53	25	59	92	88	91	85	89	13	32	94	69	97	45	19	44	11	42	55	58	66	17	3	47	32	75	12	
55	78	63	78	50	63	48	22	25	2	67	60	9	88	67	82	96	25	96	90	22	88	26	6	8	54	55	11	46	99	100	14	22	44	43	56	73	67	76	33	78	6	88	71	77	45	11	60	80	63	
57	86	20	13	98	82	21	20	13	60	73	9	67	9	100	55	53	41	33	44	87	91	12	7	45	4	82	80	58	17	52	50	70	39	16	69	74	54	35	94	29	74	49	82	74	24	88	26	90	38	
8	23	6	68	87	41	98	12	6	3	53	88	9	34	82	76	28	73	29	70	9	51	91	66	72	59	63	96	63	70	19	26	41	77	66	79	59	58	99	77	50	14	27	11	38	12	63	85	41	69	
92	84	80	99	60	96	5	65	74	5	11	67	100	82	69	61	88	40	34	44	46	34	10	40	56	76	6	89	19	45	88	92	46	48	20	42	25	12	81	1	19	73	87	3	41	8	3	24	12	4	
70	65	76	51	6	12	5	57	89	76	67	82	55	76	61	40	6	61	100	2	99	82	36	89	6	36	41	96	12	41	81	82	35	26	83	75	35	29	54	57	19	5	38	59	65	81	53	71	72	13	
59	48	68	94	32	31	89	12	30	4	21	96	53	28	88	6	10	34	1	79	3	77	63	84	14	18	65	92	23	36	54	95	93	20	4	75	39	99	78	42	63	8	94	52	5	30	95	48	15	53	
31	81	67	15	46	41	11	65	92	80	91	25	41	73	40	61	34	28	92	25	45	41	100	74	13	18	76	35	76	39	95	91	95	15	90	54	31	7	20	52	28	4	31	48	22	18	73	89	6	90	
63	55	72	27	4	71	39	59	46	38	6	96	33	29	34	100	1	92	81	72	27	8	69	53	60	63	55	5	12	99	56	10	24	69	71	37	17	38	34	27	78	93	65	26	82	84	89	42	88	7	
98	25	80	27	40	84	35	29	21	14	43	90	44	70	44	2	79	25	72	15	56	89	16	84	43	23	52	17	94	99	46	39	44	20	64	30	34	21	88	39	1	73	45	4	90	17	42	17	69	73	
49	66	48	30	73	19	32	38	50	13	70	22	87	9	46	99	3	45	27	56	57	9	60	70	21	71	20	51	4	9	6	61	5	36	47	18	83	38	69	51	23	88	81	58	65	60	69	27	71	42	
81	69	99	100	44	29	75	81	69	30	21	88	91	51	34	82	77	41	8	89	9	12	24	80	92	27	90	100	83	20	68	4	74	23	41	98	58	14	30	36	23	31	79	14	94	69	36	76	67	82	
68	50	43	37	58	21	32	82	14	42	19	26	12	91	10	36	63	100	69	16	60	24	50	37	93	81	61	8	49	58	25	54	56	64	65	73	54	47	37	59	56	68	31	91	95	19	100	77	26	24	
81	98	35	59	9	34	29	40	29	80	53	6	7	66	40	89	84	74	53	84	70	80	37	78	20	97	72	60	74	16	4	54	65	97	47	59	1	93	18	3	20	76	91	92	45	48	49	58	45	52	
30	69	69	83	10	100	61	91	90	86	25	8	45	72	56	6	14	13	60	43	21	92	93	20	58	57	24	39	71	87	95	44	24	42	84	24	23	99	4	23	32	76	11	87	57	13	36	13	89	75	
77	86	84	27	70	51	19	77	11	99	59	54	4	59	76	36	18	18	63	23	71	27	81	97	57	63	70	33	53	4	8	12	91	65	29	69	1	97	60	59	44	57	63	77	11	98	9	68	84	14	
73	25	80	57	32	10	71	58	86	91	92	55	82	63	6	41	65	76	55	52	20	90	61	72	24	70	73	20	6	12	83	11	72	87	12	47	1	6	36	61	83	29	61	42	91	1	88	91	1	100	
45	22	64	1	25	49	19	76	80	73	88	11	80	96	89	96	92	35	5	17	51	100	8	60	39	33	20	43	17	70	1	95	50	37	8	91	71	62	15	2	39	2	47	54	34	76	6	31	63	85	
77	95	12	24	62	26	41	84	63	5	91	46	58	63	19	12	23	76	12	94	4	83	49	74	71	53	6	17	35	5	10	36	78	2	86	95	68	40	49	56	56	85	100	60	33	32	19	33	17	95	
15	85	3	79	70	32	98	77	5	34	85	99	17	70	45	41	36	39	99	99	9	20	58	16	87	4	12	70	5	8	29	7	11	14	99	11	10	85	37	64	30	100	3	37	36	100	54	45	55	43	
41	30	20	38	23	70	37	69	5	57	89	100	52	19	88	81	54	95	56	46	6	68	25	4	95	8	83	1	10	29	36	19	16	41	38	62	37	18	90	34	56	23	2	33	38	29	50	84	99	71	
96	70	65	95	53	38	37	47	61	76	13	14	50	26	92	82	95	91	10	39	61	4	54	54	44	12	11	95	36	7	19	42	29	11	9	43	86	62	32	35	75	93	71	21	74	34	73	70	52	12	
29	50	63	27	19	99	47	88	58	7	32	22	70	41	46	35	93	95	24	44	5	74	56	65	24	91	72	50	78	11	16	29	23	52	68	49	54	5	16	100	18	53	28	35	61	11	34	81	45	97	
49	10	9	79	87	88	69	11	49	74	94	44	39	77	48	26	20	15	69	20	36	23	64	97	42	65	87	37	2	14	41	11	52	29	16	45	47	38	8	74	41	97	45	76	49	71	31	2	27	36	
28	19	83	3	69	31	77	6	94	2	69	43	16	66	20	83	4	90	71	64	47	41	65	47	84	29	12	8	86	99	38	9	68	16	61	1	55	97	31	56	53	81	87	21	47	52	52	47	77	41	
69	12	91	13	3	98	41	32	30	81	97	56	69	79	42	75	75	54	37	30	18	98	73	59	24	69	47	91	95	11	62	43	49	45	1	50	64	86	33	7	56	52	56	14	39	59	66	73	31	61	
40	21	42	79	93	81	67	54	77	63	45	73	74	59	25	35	39	31	17	34	83	58	54	1	23	1	1	71	68	10	37	86	54	47	55	64	3	35	3	31	36	33	91	38	20	96	93	21	60	58	
44	36	31	62	34	41	68	55	8	3	19	67	54	58	12	29	99	7	38	21	38	14	47	93	99	97	6	62	40	85	18	62	5	38	97	86	35	71	42	71	25	26	11	38	21	7	78	70	13	8	
43	93	48	63	11	25	10	94	80	2	44	76	35	99	81	54	78	20	34	88	69	30	37	18	4	60	36	15	49	37	90	32	16	8	31	33	3	42	24	97	85	90	62	13	49	77	94	11	13	48	
75	91	63	84	56	97	82	4	76	31	11	33	94	77	1	57	42	52	27	39	51	36	59	3	23	59	61	2	56	64	34	35	100	74	56	7	31	71	97	52	81	48	24	78	34	70	22	67	80	51	
52	88	58	50	42	52	80	61	31	96	42	78	29	50	19	19	63	28	78	1	23	23	56	20	32	44	83	39	56	30	56	75	18	41	53	56	36	25	85	81	59	80	37	12	79	69	56	67	1	4	
91	33	7	96	97	88	89	97	82	13	55	6	74	14	73	5	8	4	93	73	88	31	68	76	76	57	29	2	85	100	23	93	53	97	81	52	33	26	90	48	80	18	97	9	24	74	72	53	76	65	
65	69	85	22	2	16	36	74	1	65	58	88	49	27	87	38	94	31	65	45	81	79	31	91	11	63	61	47	100	3	2	71	28	45	87	56	91	11	62	24	37	97	68	49	25	73	93	32	28	42	
69	30	73	18	33	7	45	24	43	12	66	71	82	11	3	59	52	48	26	4	58	14	91	92	87	77	42	54	60	37	33	21	35	76	21	14	38	38	13	78	12	9	49	4	95	34	28	26	35	88	
64	38	7	70	47	85	83	32	44	87	17	77	74	38	41	65	5	22	82	90	65	94	95	45	57	11	91	34	33	36	38	74	61	49	47	39	20	21	49	34	79	24	25	95	33	39	37	95	18	87	
77	79	60	89	64	2	2	38	66	86	3	45	24	12	8	81	30	18	84	17	60	69	19	48	13	98	1	76	32	100	29	34	11	71	52	59	96	7	77	70	69	74	73	34	39	6	4	53	95	89	
92	96	12	42	52	31	34	34	53	1	47	11	88	63	3	53	95	73	89	42	69	36	100	49	36	9	88	6	19	54	50	73	34	31	52	66	93	78	94	22	56	72	93	28	37	4	80	48	69	36	
65	38	87	8	65	1	58	31	21	69	32	60	26	85	24	71	48	89	42	17	27	76	77	58	13	68	91	31	33	45	84	70	81	2	47	73	21	70	11	67	67	53	32	26	95	53	48	52	100	31	
4	36	47	67	58	38	23	4	28	4	75	80	90	41	12	72	15	6	88	69	71	67	26	45	89	84	1	63	17	55	99	52	45	27	77	31	60	13	13	80	1	76	28	35	18	95	69	100	68	51	
88	52	27	10	25	44	16	2	19	38	12	63	38	69	4	13	53	90	7	73	42	82	24	52	75	14	100	85	95	43	71	12	97	36	41	61	58	8	48	51	4	65	42	88	87	89	36	31	51	43	
