50
1343
89	33	87	65	29	89	83	33	5	30	76	4	6	100	96	61	100	45	30	37	16	68	100	46	47	93	9	7	13	82	27	9	33	71	81	88	63	79	59	62	74	48	79	48	20	18	14	59	37	73	
74	72	46	32	19	38	48	18	27	51	11	76	33	53	21	81	90	40	7	14	10	50	69	68	54	35	87	31	74	83	17	5	77	6	71	92	66	61	32	15	5	26	1	2	99	45	24	27	25	72	
72	11	22	72	32	48	28	41	51	7	36	78	90	1	26	63	76	10	3	44	28	44	8	73	16	80	6	66	72	79	31	40	12	27	24	70	18	41	95	75	95	49	82	26	85	20	42	45	27	74	
46	22	34	51	16	93	66	25	83	38	75	91	35	64	97	75	13	33	30	29	92	98	89	97	1	74	90	27	86	40	79	20	65	43	22	59	7	55	88	4	82	10	36	5	4	62	15	14	93	25	
32	72	51	87	5	13	43	47	40	78	54	25	56	34	54	89	54	3	74	69	21	92	44	7	32	34	53	87	10	91	20	1	75	83	9	68	25	45	99	58	60	29	57	12	78	67	90	82	53	51	
19	32	16	5	48	14	92	2	28	68	59	83	58	85	74	18	50	46	69	83	82	7	87	95	44	52	96	43	78	19	15	83	85	15	75	4	77	77	19	6	21	34	33	81	36	72	25	59	9	52	
38	48	93	13	14	100	76	72	66	3	59	57	50	39	98	25	84	51	1	99	36	68	71	90	87	80	65	26	7	39	90	63	94	9	95	87	33	35	40	3	68	59	47	38	27	80	38	15	70	82	
48	28	66	43	92	76	12	24	58	61	89	28	44	34	2	26	16	9	87	99	37	100	1	19	80	21	97	41	83	86	1	36	65	31	73	45	95	55	36	45	27	47	3	7	86	29	6	92	1	99	
18	41	25	47	2	72	24	21	39	79	53	54	60	76	84	83	86	54	4	19	36	87	39	36	32	74	85	43	84	91	8	74	6	79	10	34	23	80	76	73	43	86	59	66	60	61	68	71	84	5	
27	51	83	40	28	66	58	39	66	15	99	46	75	4	95	55	89	72	32	96	84	30	20	97	68	73	44	41	32	86	64	10	11	70	77	95	88	66	99	72	68	9	31	4	1	66	62	79	22	25	
51	7	38	78	68	3	61	79	15	11	91	38	43	76	25	26	77	18	67	85	49	96	91	86	61	45	91	13	24	3	49	45	52	96	90	23	51	87	66	82	68	20	87	45	21	85	32	93	13	13	
11	36	75	54	59	59	89	53	99	91	40	61	87	72	29	5	27	66	26	39	21	41	32	45	12	2	67	82	78	11	73	13	57	82	98	24	4	51	69	30	5	64	48	66	46	27	62	4	7	46	
76	78	91	25	83	57	28	54	46	38	61	92	84	82	16	74	51	100	34	26	68	88	20	45	61	73	4	54	18	92	16	7	64	48	79	33	23	17	58	99	91	100	71	64	54	70	89	36	55	2	
33	90	35	56	58	50	44	60	75	43	87	84	72	7	90	95	43	17	30	30	10	48	18	17	20	92	1	80	84	85	44	40	34	8	79	64	78	96	76	84	23	2	67	11	39	72	18	13	8	57	
53	1	64	34	85	39	34	76	4	76	72	82	7	20	26	72	63	68	31	65	8	31	12	22	63	72	24	53	2	34	4	72	6	31	32	25	31	17	49	57	75	96	81	96	75	39	97	27	20	87	
21	26	97	54	74	98	2	84	95	25	29	16	90	26	32	97	77	67	8	76	54	71	98	81	39	51	35	44	72	39	70	5	7	56	31	51	46	34	13	66	82	93	54	83	64	6	82	93	91	57	
81	63	75	89	18	25	26	83	55	26	5	74	95	72	97	61	14	97	86	77	25	57	93	7	40	29	80	50	82	96	73	10	98	29	79	16	73	17	12	25	8	84	19	10	9	74	84	33	67	59	
90	76	13	54	50	84	16	86	89	77	27	51	43	63	77	14	46	33	39	15	81	28	44	21	45	52	83	26	45	98	17	27	74	59	72	62	33	78	42	40	2	34	73	47	46	3	93	7	33	92	
40	10	33	3	46	51	9	54	72	18	66	100	17	68	67	97	33	33	61	23	48	22	97	10	65	65	51	78	15	97	86	70	98	27	50	10	25	75	58	28	72	57	8	96	76	15	96	80	71	65	
7	3	30	74	69	1	87	4	32	67	26	34	30	31	8	86	39	61	48	29	74	41	85	32	75	6	29	30	100	81	53	30	59	62	49	72	49	18	13	74	94	97	57	19	73	20	10	54	62	76	
14	44	29	69	83	99	99	19	96	85	39	26	30	65	76	77	15	23	29	82	24	40	23	91	68	25	73	100	33	98	59	21	89	10	66	28	43	52	33	5	49	39	94	58	59	43	77	18	41	33	
10	28	92	21	82	36	37	36	84	49	21	68	10	8	54	25	81	48	74	24	64	28	54	97	36	20	38	74	49	38	84	39	20	68	8	25	49	100	97	19	38	88	20	38	93	35	41	56	56	5	
50	44	98	92	7	68	100	87	30	96	41	88	48	31	71	57	28	22	41	40	28	80	67	52	33	63	13	59	7	96	36	31	16	69	71	57	76	2	34	29	18	100	10	96	3	46	40	54	58	55	
69	8	89	44	87	71	1	39	20	91	32	20	18	12	98	93	44	97	85	23	54	67	21	53	11	18	27	34	75	97	8	90	75	8	14	73	63	82	8	55	7	26	21	45	35	26	96	10	58	94	
68	73	97	7	95	90	19	36	97	86	45	45	17	22	81	7	21	10	32	91	97	52	53	87	33	17	24	1	7	87	14	78	11	29	73	65	39	70	25	22	61	68	74	19	81	3	70	70	57	1	
54	16	1	32	44	87	80	32	68	61	12	61	20	63	39	40	45	65	75	68	36	33	11	33	57	58	81	34	80	72	8	19	83	8	66	80	67	53	3	3	74	97	67	26	62	80	6	14	91	50	
35	80	74	34	52	80	21	74	73	45	2	73	92	72	51	29	52	65	6	25	20	63	18	17	58	87	30	64	69	66	97	12	28	73	45	21	56	94	79	37	3	37	42	32	49	36	73	30	98	41	
87	6	90	53	96	65	97	85	44	91	67	4	1	24	35	80	83	51	29	73	38	13	27	24	81	30	15	66	79	77	75	58	63	6	96	82	40	75	35	14	76	93	21	5	28	72	35	2	99	78	
31	66	27	87	43	26	41	43	41	13	82	54	80	53	44	50	26	78	30	100	74	59	34	1	34	64	66	39	91	84	7	31	58	51	60	8	26	15	99	94	59	51	57	87	80	11	6	94	34	76	
74	72	86	10	78	7	83	84	32	24	78	18	84	2	72	82	45	15	100	33	49	7	75	7	80	69	79	91	95	59	26	90	24	58	79	81	23	79	27	51	25	5	7	42	88	87	1	72	34	18	
83	79	40	91	19	39	86	91	86	3	11	92	85	34	39	96	98	97	81	98	38	96	97	87	72	66	77	84	59	41	34	12	23	84	7	95	65	15	47	9	24	71	33	65	28	7	63	73	49	69	
17	31	79	20	15	90	1	8	64	49	73	16	44	4	70	73	17	86	53	59	84	36	8	14	8	97	75	7	26	34	16	74	97	21	26	52	81	19	95	85	22	18	29	67	4	10	98	3	58	51	
5	40	20	1	83	63	36	74	10	45	13	7	40	72	5	10	27	70	30	21	39	31	90	78	19	12	58	31	90	12	74	65	2	66	65	9	89	32	58	27	67	79	60	96	46	39	42	16	49	58	
77	12	65	75	85	94	65	6	11	52	57	64	34	6	7	98	74	98	59	89	20	16	75	11	83	28	63	58	24	23	97	2	87	95	70	60	42	78	16	76	45	31	59	81	25	75	36	76	27	22	
6	27	43	83	15	9	31	79	70	96	82	48	8	31	56	29	59	27	62	10	68	69	8	29	8	73	6	51	58	84	21	66	95	12	72	15	8	71	31	55	95	61	45	67	59	70	86	60	2	11	
71	24	22	9	75	95	73	10	77	90	98	79	79	32	31	79	72	50	49	66	8	71	14	73	66	45	96	60	79	7	26	65	70	72	74	28	43	71	69	65	89	6	61	40	77	77	68	81	94	7	
92	70	59	68	4	87	45	34	95	23	24	33	64	25	51	16	62	10	72	28	25	57	73	65	80	21	82	8	81	95	52	9	60	15	28	48	13	33	86	99	65	94	42	10	3	77	73	37	26	66	
66	18	7	25	77	33	95	23	88	51	4	23	78	31	46	73	33	25	49	43	49	76	63	39	67	56	40	26	23	65	81	89	42	8	43	13	68	53	35	17	94	71	26	83	21	52	17	92	36	76	
61	41	55	45	77	35	55	80	66	87	51	17	96	17	34	17	78	75	18	52	100	2	82	70	53	94	75	15	79	15	19	32	78	71	71	33	53	12	90	22	61	4	93	8	14	42	17	5	14	88	
32	95	88	99	19	40	36	76	99	66	69	58	76	49	13	12	42	58	13	33	97	34	8	25	3	79	35	99	27	47	95	58	16	31	69	86	35	90	26	38	37	39	5	24	97	70	12	87	22	55	
15	75	4	58	6	3	45	73	72	82	30	99	84	57	66	25	40	28	74	5	19	29	55	22	3	37	14	94	51	9	85	27	76	55	65	99	17	22	38	33	60	51	10	20	80	16	32	76	42	13	
5	95	82	60	21	68	27	43	68	68	5	91	23	75	82	8	2	72	94	49	38	18	7	61	74	3	76	59	25	24	22	67	45	95	89	65	94	61	37	60	88	69	59	79	4	46	8	88	52	15	
26	49	10	29	34	59	47	86	9	20	64	100	2	96	93	84	34	57	97	39	88	100	26	68	97	37	93	51	5	71	18	79	31	61	6	94	71	4	39	51	69	73	47	37	98	96	98	23	45	68	
1	82	36	57	33	47	3	59	31	87	48	71	67	81	54	19	73	8	57	94	20	10	21	74	67	42	21	57	7	33	29	60	59	45	61	42	26	93	5	10	59	47	54	80	62	76	60	19	5	33	
2	26	5	12	81	38	7	66	4	45	66	64	11	96	83	10	47	96	19	58	38	96	45	19	26	32	5	87	42	65	67	96	81	67	40	10	83	8	24	20	79	37	80	38	35	47	30	46	77	43	
99	85	4	78	36	27	86	60	1	21	46	54	39	75	64	9	46	76	73	59	93	3	35	81	62	49	28	80	88	28	4	46	25	59	77	3	21	14	97	80	4	98	62	35	65	66	14	24	47	3	
45	20	62	67	72	80	29	61	66	85	27	70	72	39	6	74	3	15	20	43	35	46	26	3	80	36	72	11	87	7	10	39	75	70	77	77	52	42	70	16	46	96	76	47	66	87	63	49	63	4	
24	42	15	90	25	38	6	68	62	32	62	89	18	97	82	84	93	96	10	77	41	40	96	70	6	73	35	6	1	63	98	42	36	86	68	73	17	17	12	32	8	98	60	30	14	63	36	4	54	63	
27	45	14	82	59	15	92	71	79	93	4	36	13	27	93	33	7	80	54	18	56	54	10	70	14	30	2	94	72	73	3	16	76	60	81	37	92	5	87	76	88	23	19	46	24	49	4	98	29	64	
25	27	93	53	9	70	1	84	22	13	7	55	8	20	91	67	33	71	62	41	56	58	58	57	91	98	99	34	34	49	58	49	27	2	94	26	36	14	22	42	52	45	5	77	47	63	54	29	73	51	
72	74	25	51	52	82	99	5	25	13	46	2	57	87	57	59	92	65	76	33	5	55	94	1	50	41	78	76	18	69	51	58	22	11	7	66	76	88	55	13	15	68	33	43	3	4	63	64	51	79	
