50
1268
39	37	30	45	43	9	45	84	48	96	78	34	30	55	64	36	18	76	40	68	1	69	67	36	57	27	21	33	35	32	86	45	25	82	19	63	95	34	68	94	7	64	69	49	24	41	2	55	6	78	
96	97	40	31	44	91	43	27	71	10	90	9	86	15	38	69	97	67	67	99	18	21	16	67	39	37	52	19	52	41	38	54	19	5	4	34	90	31	59	56	85	34	33	1	99	73	94	74	97	39	
97	21	90	17	19	83	19	84	50	77	20	44	96	38	32	43	59	9	65	86	81	53	76	80	84	8	2	78	30	57	13	82	90	70	26	11	70	81	46	13	49	85	25	77	85	32	16	85	59	32	
40	90	21	33	41	51	68	6	63	5	66	91	44	35	49	35	85	99	50	47	6	100	3	42	7	95	19	97	79	92	75	6	86	56	12	19	12	5	90	74	22	49	31	36	43	19	57	61	3	49	
31	17	33	42	57	9	9	79	74	98	26	7	88	2	8	59	32	83	5	25	45	1	13	57	47	17	61	18	100	11	72	25	55	97	81	62	68	87	59	1	38	77	27	68	9	2	74	99	47	23	
44	19	41	57	34	1	46	40	79	1	39	39	51	65	97	66	74	61	32	16	61	23	24	30	70	98	100	47	38	97	54	82	57	87	63	67	24	5	32	3	45	23	82	75	53	63	19	88	55	85	
91	83	51	9	1	69	5	26	15	83	62	9	24	54	55	84	7	38	42	34	8	59	52	43	41	100	30	92	92	57	8	91	84	42	42	45	48	50	81	84	23	71	30	35	75	28	15	73	61	32	
43	19	68	9	46	5	40	93	78	68	99	79	20	33	6	30	86	90	56	79	92	56	17	75	45	16	1	49	64	88	49	98	81	11	49	59	87	9	82	53	99	17	74	31	38	18	38	7	62	40	
27	84	6	79	40	26	93	23	52	33	36	5	91	61	82	23	61	82	23	88	51	49	79	97	10	2	11	91	47	20	63	21	60	74	87	56	54	82	76	74	21	7	15	25	95	58	68	32	50	98	
71	50	63	74	79	15	78	52	78	92	18	85	97	91	53	77	42	43	92	29	86	18	66	31	1	59	31	38	17	1	53	31	38	81	66	81	66	78	56	70	15	71	24	91	71	70	22	17	89	61	
10	77	5	98	1	83	68	33	92	53	71	3	52	46	22	40	65	13	33	46	30	92	14	82	70	42	84	55	47	96	70	74	63	99	67	35	61	38	47	30	7	25	41	4	100	18	90	2	96	71	
90	20	66	26	39	62	99	36	18	71	77	23	97	93	48	55	89	52	39	21	79	30	37	78	100	53	3	43	61	91	2	52	13	60	71	6	54	99	73	23	81	51	99	76	38	32	63	74	97	25	
9	44	91	7	39	9	79	5	85	3	23	89	43	44	72	68	41	70	59	36	10	82	82	81	10	8	1	94	74	52	80	94	13	78	34	67	44	65	48	78	30	7	91	90	93	49	22	63	45	87	
86	96	44	88	51	24	20	91	97	52	97	43	97	78	24	87	53	39	14	37	73	49	99	40	80	96	51	81	12	51	53	98	68	78	42	71	39	54	66	12	42	33	34	89	48	45	93	100	79	68	
15	38	35	2	65	54	33	61	91	46	93	44	78	26	12	95	3	66	42	64	28	49	51	76	10	75	14	21	65	81	92	44	70	91	75	78	53	99	52	34	57	12	96	26	37	95	92	16	82	66	
38	32	49	8	97	55	6	82	53	22	48	72	24	12	34	21	82	79	86	8	94	69	35	96	82	2	63	81	21	27	4	92	48	86	70	38	70	33	74	4	3	13	77	79	95	7	98	56	41	14	
69	43	35	59	66	84	30	23	77	40	55	68	87	95	21	69	19	52	1	51	23	5	27	25	54	33	78	67	38	53	47	18	28	12	25	80	12	86	7	70	52	47	61	87	85	100	57	100	14	99	
97	59	85	32	74	7	86	61	42	65	89	41	53	3	82	19	53	55	48	39	19	35	27	33	58	20	60	82	63	63	35	35	12	16	48	76	29	12	74	16	17	90	24	30	54	30	86	93	78	1	
67	9	99	83	61	38	90	82	43	13	52	70	39	66	79	52	55	37	19	5	26	66	80	38	2	26	18	33	24	2	63	17	77	64	27	16	93	62	74	89	19	66	2	71	87	60	11	95	26	79	
67	65	50	5	32	42	56	23	92	33	39	59	14	42	86	1	48	19	68	29	78	62	76	100	53	20	88	28	43	88	95	9	96	52	21	4	1	99	32	82	73	15	1	36	20	71	14	67	86	52	
99	86	47	25	16	34	79	88	29	46	21	36	37	64	8	51	39	5	29	29	90	4	36	7	57	54	17	31	46	17	71	8	77	6	72	7	62	68	39	51	71	18	76	90	56	98	97	78	51	90	
18	81	6	45	61	8	92	51	86	30	79	10	73	28	94	23	19	26	78	90	22	83	58	66	53	57	72	18	26	23	60	33	35	86	57	1	47	46	78	5	60	11	99	69	80	96	65	56	66	3	
21	53	100	1	23	59	56	49	18	92	30	82	49	49	69	5	35	66	62	4	83	47	3	41	9	31	4	28	84	27	100	43	8	55	89	20	10	90	54	29	54	88	7	60	35	33	56	77	33	61	
16	76	3	13	24	52	17	79	66	14	37	82	99	51	35	27	27	80	76	36	58	3	34	32	64	75	40	60	17	15	29	100	6	16	5	33	11	60	20	24	10	89	74	47	80	72	64	8	22	5	
67	80	42	57	30	43	75	97	31	82	78	81	40	76	96	25	33	38	100	7	66	41	32	35	9	16	15	1	50	84	43	43	28	28	65	4	61	57	85	54	44	28	58	8	43	29	82	54	70	67	
39	84	7	47	70	41	45	10	1	70	100	10	80	10	82	54	58	2	53	57	53	9	64	9	76	73	37	55	72	41	47	60	65	59	97	97	100	49	40	83	67	77	73	55	88	17	59	92	9	21	
37	8	95	17	98	100	16	2	59	42	53	8	96	75	2	33	20	26	20	54	57	31	75	16	73	13	46	70	7	91	40	83	39	54	54	97	42	69	23	9	70	48	11	78	99	92	45	91	54	32	
52	2	19	61	100	30	1	11	31	84	3	1	51	14	63	78	60	18	88	17	72	4	40	15	37	46	88	99	37	97	32	28	51	58	31	98	72	19	20	50	85	43	73	56	17	27	49	59	11	27	
19	78	97	18	47	92	49	91	38	55	43	94	81	21	81	67	82	33	28	31	18	28	60	1	55	70	99	4	99	71	23	17	28	23	43	24	36	62	17	12	67	54	87	26	97	89	39	81	56	39	
52	30	79	100	38	92	64	47	17	47	61	74	12	65	21	38	63	24	43	46	26	84	17	50	72	7	37	99	34	61	10	10	79	79	19	21	2	15	68	83	9	23	98	67	26	27	18	100	67	48	
41	57	92	11	97	57	88	20	1	96	91	52	51	81	27	53	63	2	88	17	23	27	15	84	41	91	97	71	61	33	79	45	86	96	30	34	88	86	64	89	20	87	83	47	32	1	50	30	59	27	
38	13	75	72	54	8	49	63	53	70	2	80	53	92	4	47	35	63	95	71	60	100	29	43	47	40	32	23	10	79	91	22	71	2	12	80	40	7	40	60	39	6	1	23	4	2	100	8	27	36	
54	82	6	25	82	91	98	21	31	74	52	94	98	44	92	18	35	17	9	8	33	43	100	43	60	83	28	17	10	45	22	79	82	7	82	16	99	34	3	89	69	58	9	85	52	9	4	76	9	8	
19	90	86	55	57	84	81	60	38	63	13	13	68	70	48	28	12	77	96	77	35	8	6	28	65	39	51	28	79	86	71	82	23	82	44	73	25	29	44	27	71	73	80	67	16	56	20	32	3	68	
5	70	56	97	87	42	11	74	81	99	60	78	78	91	86	12	16	64	52	6	86	55	16	28	59	54	58	23	79	96	2	7	82	85	33	42	63	20	36	40	23	40	17	44	36	54	76	45	4	8	
4	26	12	81	63	42	49	87	66	67	71	34	42	75	70	25	48	27	21	72	57	89	5	65	97	54	31	43	19	30	12	82	44	33	58	2	40	93	75	66	69	24	89	32	78	41	68	3	43	36	
34	11	19	62	67	45	59	56	81	35	6	67	71	78	38	80	76	16	4	7	1	20	33	4	97	97	98	24	21	34	80	16	73	42	2	50	40	10	75	43	20	54	26	50	12	12	67	14	17	80	
90	70	12	68	24	48	87	54	66	61	54	44	39	53	70	12	29	93	1	62	47	10	11	61	100	42	72	36	2	88	40	99	25	63	40	40	38	59	9	46	49	35	32	10	45	56	4	85	44	73	
31	81	5	87	5	50	9	82	78	38	99	65	54	99	33	86	12	62	99	68	46	90	60	57	49	69	19	62	15	86	7	34	29	20	93	10	59	48	68	50	16	3	87	44	97	60	75	11	11	34	
59	46	90	59	32	81	82	76	56	47	73	48	66	52	74	7	74	74	32	39	78	54	20	85	40	23	20	17	68	64	40	3	44	36	75	75	9	68	77	59	9	71	5	14	17	97	53	68	44	33	
56	13	74	1	3	84	53	74	70	30	23	78	12	34	4	70	16	89	82	51	5	29	24	54	83	9	50	12	83	89	60	89	27	40	66	43	46	50	59	25	54	25	86	16	58	63	76	85	74	75	
85	49	22	38	45	23	99	21	15	7	81	30	42	57	3	52	17	19	73	71	60	54	10	44	67	70	85	67	9	20	39	69	71	23	69	20	49	16	9	54	46	6	42	53	30	3	82	1	93	17	
34	85	49	77	23	71	17	7	71	25	51	7	33	12	13	47	90	66	15	18	11	88	89	28	77	48	43	54	23	87	6	58	73	40	24	54	35	3	71	25	6	11	40	33	85	37	52	27	83	87	
33	25	31	27	82	30	74	15	24	41	99	91	34	96	77	61	24	2	1	76	99	7	74	58	73	11	73	87	98	83	1	9	80	17	89	26	32	87	5	86	42	40	74	11	65	12	44	8	87	7	
1	77	36	68	75	35	31	25	91	4	76	90	89	26	79	87	30	71	36	90	69	60	47	8	55	78	56	26	67	47	23	85	67	44	32	50	10	44	14	16	53	33	11	36	71	56	71	93	71	80	
99	85	43	9	53	75	38	95	71	100	38	93	48	37	95	85	54	87	20	56	80	35	80	43	88	99	17	97	26	32	4	52	16	36	78	12	45	97	17	58	30	85	65	71	8	56	80	2	57	7	
73	32	19	2	63	28	18	58	70	18	32	49	45	95	7	100	30	60	71	98	96	33	72	29	17	92	27	89	27	1	2	9	56	54	41	12	56	60	97	63	3	37	12	56	56	96	45	47	21	5	
94	16	57	74	19	15	38	68	22	90	63	22	93	92	98	57	86	11	14	97	65	56	64	82	59	45	49	39	18	50	100	4	20	76	68	67	4	75	53	76	82	52	44	71	80	45	81	7	45	8	
74	85	61	99	88	73	7	32	17	2	74	63	100	16	56	100	93	95	67	78	56	77	8	54	92	91	59	81	100	30	8	76	32	45	3	14	85	11	68	85	1	27	8	93	2	47	7	94	55	97	
97	59	3	47	55	61	62	50	89	96	97	45	79	82	41	14	78	26	86	51	66	33	22	70	9	54	11	56	67	59	27	9	3	4	43	17	44	11	44	74	93	83	87	71	57	21	45	55	9	41	
39	32	49	23	85	32	40	98	61	71	25	87	68	66	14	99	1	79	52	90	3	61	5	67	21	32	27	39	48	27	36	8	68	8	36	80	73	34	33	75	17	87	7	80	7	5	8	97	41	93	
