50
1491
69	67	87	32	93	41	97	59	45	74	59	16	2	32	61	14	53	46	41	43	98	57	68	75	92	57	86	96	38	90	42	98	25	4	44	83	88	99	50	8	27	26	34	93	72	12	14	14	15	84	
35	69	75	25	31	54	21	100	22	92	76	97	94	3	17	12	56	95	80	23	71	58	59	10	39	11	34	23	50	87	80	16	80	64	89	55	20	35	24	45	23	16	33	52	50	46	88	2	83	88	
69	10	95	85	44	20	14	60	27	63	20	82	1	9	51	95	62	81	37	10	36	70	52	9	4	77	23	52	100	63	84	24	73	16	69	92	50	6	62	54	47	58	55	39	42	37	84	57	82	13	
75	95	28	78	15	5	16	85	77	17	67	66	59	66	1	30	28	8	7	80	92	27	87	80	17	93	94	29	47	35	21	100	79	93	79	31	24	90	48	74	63	90	11	6	48	44	46	4	34	67	
25	85	78	82	90	68	10	48	36	23	8	78	53	58	51	58	23	49	81	4	2	64	51	45	13	56	82	91	50	48	73	48	78	39	12	82	92	9	75	28	29	31	61	28	44	41	88	27	97	76	
31	44	15	90	94	86	28	12	27	90	11	35	6	15	94	31	30	43	5	8	18	57	59	15	3	56	67	14	65	34	23	86	83	12	87	55	69	99	60	64	57	70	51	45	23	61	37	58	21	76	
54	20	5	68	86	52	36	63	85	76	98	74	53	84	1	73	46	17	89	82	13	100	87	34	77	36	13	63	93	85	29	20	37	64	52	7	40	31	51	77	39	23	15	26	35	21	11	27	81	39	
21	14	16	10	28	36	40	39	29	22	22	8	6	85	65	26	37	53	62	74	7	98	98	58	22	1	90	50	88	68	42	1	71	43	65	45	50	14	83	54	85	57	80	10	13	34	90	37	97	48	
100	60	85	48	12	63	39	77	46	63	57	12	85	75	39	93	18	93	61	26	27	33	27	29	42	22	58	75	71	55	100	46	1	80	97	22	13	93	42	62	63	99	97	96	65	72	69	27	39	2	
22	27	77	36	27	85	29	46	18	15	6	46	9	59	8	84	70	7	45	40	40	82	70	11	88	62	79	66	63	64	54	100	77	84	46	92	51	74	79	27	67	48	30	78	30	43	51	32	100	32	
92	63	17	23	90	76	22	63	15	55	50	42	68	92	21	15	18	11	61	34	7	90	12	96	92	14	79	1	72	24	68	13	21	88	88	5	5	5	9	74	10	22	15	15	19	26	76	24	83	13	
76	20	67	8	11	98	22	57	6	50	14	94	27	23	72	43	8	95	100	55	87	32	39	68	59	57	56	29	1	69	70	20	17	30	82	93	35	93	62	51	83	26	90	63	94	26	20	1	70	16	
97	82	66	78	35	74	8	12	46	42	94	79	46	73	81	22	5	94	17	15	50	93	58	85	42	89	46	19	43	91	80	24	98	26	78	55	34	39	19	85	35	78	61	13	77	78	14	7	54	44	
94	1	59	53	6	53	6	85	9	68	27	46	86	9	92	39	12	65	11	19	38	21	61	19	98	92	17	74	23	27	35	21	68	37	85	85	92	66	61	55	41	10	61	91	21	28	49	25	14	30	
3	9	66	58	15	84	85	75	59	92	23	73	9	89	33	21	25	61	23	61	56	37	46	29	81	31	35	66	84	4	65	37	15	46	74	91	89	38	33	82	55	78	78	8	57	88	4	29	15	25	
17	51	1	51	94	1	65	39	8	21	72	81	92	33	72	50	74	36	82	84	90	36	18	63	95	54	75	54	63	1	79	32	48	70	11	27	26	22	43	46	73	98	75	52	32	13	23	40	94	31	
12	95	30	58	31	73	26	93	84	15	43	22	39	21	50	70	12	62	83	18	69	77	75	19	9	66	98	74	80	46	86	49	80	99	4	94	77	1	23	12	72	53	5	39	20	45	6	98	79	30	
56	62	28	23	30	46	37	18	70	18	8	5	12	25	74	12	47	16	34	74	93	95	51	93	13	75	62	16	66	11	33	33	99	29	53	7	27	75	32	13	7	59	17	40	72	29	20	8	70	74	
95	81	8	49	43	17	53	93	7	11	95	94	65	61	36	62	16	19	83	52	41	28	21	27	73	61	3	39	100	26	88	23	15	80	95	54	63	96	81	15	54	58	71	24	91	90	35	75	41	81	
80	37	7	81	5	89	62	61	45	61	100	17	11	23	82	83	34	83	63	23	30	9	86	64	73	87	52	55	84	5	25	3	39	91	31	90	68	44	56	93	95	4	28	53	94	10	13	85	36	93	
23	10	80	4	8	82	74	26	40	34	55	15	19	61	84	18	74	52	23	30	77	58	72	83	75	26	28	50	90	23	13	16	63	26	58	11	43	31	80	85	2	34	22	92	32	61	96	49	17	61	
71	36	92	2	18	13	7	27	40	7	87	50	38	56	90	69	93	41	30	77	5	42	49	6	7	83	68	2	78	77	5	22	38	63	8	46	89	6	91	92	34	97	7	28	65	28	90	37	37	52	
58	70	27	64	57	100	98	33	82	90	32	93	21	37	36	77	95	28	9	58	42	94	38	98	99	22	34	29	17	59	3	55	69	71	94	15	8	91	91	38	10	58	33	55	94	52	42	57	88	44	
59	52	87	51	59	87	98	27	70	12	39	58	61	46	18	75	51	21	86	72	49	38	22	23	73	86	53	37	93	69	91	100	73	47	50	22	24	91	78	77	54	85	19	93	74	27	23	30	25	28	
10	9	80	45	15	34	58	29	11	96	68	85	19	29	63	19	93	27	64	83	6	98	23	2	90	61	73	52	30	23	2	68	57	25	72	13	52	43	89	61	77	71	39	76	76	17	73	20	1	31	
39	4	17	13	3	77	22	42	88	92	59	42	98	81	95	9	13	73	73	75	7	99	73	90	56	75	29	77	58	19	16	54	19	2	16	60	41	55	95	51	94	8	23	69	8	80	39	59	5	58	
11	77	93	56	56	36	1	22	62	14	57	89	92	31	54	66	75	61	87	26	83	22	86	61	75	54	100	49	89	61	63	7	96	91	71	56	75	38	88	21	73	35	16	78	95	83	24	65	89	77	
34	23	94	82	67	13	90	58	79	79	56	46	17	35	75	98	62	3	52	28	68	34	53	73	29	100	70	5	18	46	99	86	90	66	1	22	83	75	25	73	26	39	55	71	54	44	50	31	90	82	
23	52	29	91	14	63	50	75	66	1	29	19	74	66	54	74	16	39	55	50	2	29	37	52	77	49	5	2	40	76	86	20	98	30	22	99	86	89	50	98	46	99	61	18	99	44	94	56	52	78	
50	100	47	50	65	93	88	71	63	72	1	43	23	84	63	80	66	100	84	90	78	17	93	30	58	89	18	40	20	66	81	58	17	10	3	9	86	53	95	100	9	36	31	26	3	33	30	52	54	42	
87	63	35	48	34	85	68	55	64	24	69	91	27	4	1	46	11	26	5	23	77	59	69	23	19	61	46	76	66	65	56	46	72	48	5	48	92	43	7	33	74	1	52	16	56	28	60	70	4	12	
80	84	21	73	23	29	42	100	54	68	70	80	35	65	79	86	33	88	25	13	5	3	91	2	16	63	99	86	81	56	13	75	68	3	60	77	56	97	20	17	18	66	30	97	98	57	35	87	57	78	
16	24	100	48	86	20	1	46	100	13	20	24	21	37	32	49	33	23	3	16	22	55	100	68	54	7	86	20	58	46	75	38	76	62	58	41	81	87	76	11	7	43	10	99	93	23	34	51	95	72	
80	73	79	78	83	37	71	1	77	21	17	98	68	15	48	80	99	15	39	63	38	69	73	57	19	96	90	98	17	72	68	76	21	87	69	83	57	88	91	47	54	49	40	77	96	41	35	52	42	32	
64	16	93	39	12	64	43	80	84	88	30	26	37	46	70	99	29	80	91	26	63	71	47	25	2	91	66	30	10	48	3	62	87	88	61	68	42	1	38	47	33	79	6	100	58	23	88	66	82	21	
89	69	79	12	87	52	65	97	46	88	82	78	85	74	11	4	53	95	31	58	8	94	50	72	16	71	1	22	3	5	60	58	69	61	66	20	83	25	21	59	62	83	73	51	8	93	96	64	87	8	
55	92	31	82	55	7	45	22	92	5	93	55	85	91	27	94	7	54	90	11	46	15	22	13	60	56	22	99	9	48	77	41	83	68	20	11	82	75	74	19	59	50	15	60	4	2	45	52	14	56	
20	50	24	92	69	40	50	13	51	5	35	34	92	89	26	77	27	63	68	43	89	8	24	52	41	75	83	86	86	92	56	81	57	42	83	82	69	34	12	6	54	37	25	40	50	15	100	21	39	57	
35	6	90	9	99	31	14	93	74	5	93	39	66	38	22	1	75	96	44	31	6	91	91	43	55	38	75	89	53	43	97	87	88	1	25	75	34	46	58	96	37	8	37	7	64	38	53	91	98	72	
24	62	48	75	60	51	83	42	79	9	62	19	61	33	43	23	32	81	56	80	91	91	78	89	95	88	25	50	95	7	20	76	91	38	21	74	12	58	71	43	12	30	94	37	37	25	35	41	87	13	
45	54	74	28	64	77	54	62	27	74	51	85	55	82	46	12	13	15	93	85	92	38	77	61	51	21	73	98	100	33	17	11	47	47	59	19	6	96	43	12	1	14	98	13	87	87	99	64	12	42	
23	47	63	29	57	39	85	63	67	10	83	35	41	55	73	72	7	54	95	2	34	10	54	77	94	73	26	46	9	74	18	7	54	33	62	59	54	37	12	1	65	26	74	28	39	61	95	30	41	75	
16	58	90	31	70	23	57	99	48	22	26	78	10	78	98	53	59	58	4	34	97	58	85	71	8	35	39	99	36	1	66	43	49	79	83	50	37	8	30	14	26	34	6	29	55	95	80	91	41	11	
33	55	11	61	51	15	80	97	30	15	90	61	61	78	75	5	17	71	28	22	7	33	19	39	23	16	55	61	31	52	30	10	40	6	73	15	25	37	94	98	74	6	49	40	64	66	63	92	49	37	
52	39	6	28	45	26	10	96	78	15	63	13	91	8	52	39	40	24	53	92	28	55	93	76	69	78	71	18	26	16	97	99	77	100	51	60	40	7	37	13	28	29	40	61	57	1	82	30	50	31	
50	42	48	44	23	35	13	65	30	19	94	77	21	57	32	20	72	91	94	32	65	94	74	76	8	95	54	99	3	56	98	93	96	58	8	4	50	64	37	87	39	55	64	57	99	8	3	100	37	51	
46	37	44	41	61	21	34	72	43	26	26	78	28	88	13	45	29	90	10	61	28	52	27	17	80	83	44	44	33	28	57	23	41	23	93	2	15	38	25	87	61	95	66	1	8	14	84	21	17	8	
88	84	46	88	37	11	90	69	51	76	20	14	49	4	23	6	20	35	13	96	90	42	23	73	39	24	50	94	30	60	35	34	35	88	96	45	100	53	35	99	95	80	63	82	3	84	30	13	89	3	
2	57	4	27	58	27	37	27	32	24	1	7	25	29	40	98	8	75	85	49	37	57	30	20	59	65	31	56	52	70	87	51	52	66	64	52	21	91	41	64	30	91	92	30	100	21	13	42	28	3	
83	82	34	97	21	81	97	39	100	83	70	54	14	15	94	79	70	41	36	17	37	88	25	1	5	89	90	52	54	4	57	95	42	82	87	14	39	98	87	12	41	41	49	50	37	17	89	28	93	69	
88	13	67	76	76	39	48	2	32	13	16	44	30	25	31	30	74	81	93	61	52	44	28	31	58	77	82	78	42	12	78	72	32	21	8	56	57	72	13	42	75	11	37	31	51	8	3	3	69	12	
