50
1445
27	28	72	24	19	16	70	27	62	31	96	81	60	98	94	51	81	57	93	37	13	43	68	56	83	46	22	72	82	42	64	8	96	17	28	25	50	26	24	95	7	17	48	68	56	98	15	3	59	82	
35	31	94	87	65	88	62	55	60	56	97	6	6	31	12	92	57	2	89	93	17	64	39	59	32	48	77	2	23	30	98	2	77	95	29	56	26	7	80	81	95	65	37	53	59	22	69	43	77	12	
31	85	20	82	16	60	79	80	80	86	54	29	98	11	75	81	63	63	22	29	100	98	16	49	65	38	67	22	19	72	61	14	50	22	69	73	90	40	43	30	81	63	67	88	70	56	44	80	43	51	
94	20	66	85	85	44	15	60	97	26	98	43	12	67	100	78	89	88	40	23	93	13	28	73	2	55	12	80	89	91	1	80	9	45	54	75	60	69	57	53	80	16	51	69	23	60	16	41	3	52	
87	82	85	45	94	82	99	11	46	45	96	40	37	41	39	24	97	53	50	88	39	43	5	89	22	70	42	97	48	72	8	63	8	91	88	10	25	53	24	39	30	91	21	6	87	10	8	81	61	17	
65	16	85	94	48	19	27	55	48	93	61	80	41	15	40	69	62	96	95	4	89	36	22	72	75	57	18	13	38	5	71	26	95	40	45	34	29	7	8	56	35	26	65	86	42	83	11	16	8	5	
88	60	44	82	19	96	21	37	91	81	62	23	25	54	82	10	59	19	75	73	67	81	80	32	34	92	74	21	7	66	12	20	5	76	46	57	84	43	11	59	10	94	6	30	64	24	4	49	92	17	
62	79	15	99	27	21	51	67	79	91	71	1	40	30	10	43	31	65	81	46	97	22	84	69	98	45	9	80	8	1	89	18	72	35	76	85	32	36	43	90	3	69	94	96	51	89	30	10	76	12	
55	80	60	11	55	37	67	95	73	33	57	27	79	42	47	61	41	97	6	55	43	42	35	45	94	76	1	33	93	77	68	12	1	26	26	63	43	62	16	7	80	78	52	70	87	97	35	50	72	97	
60	80	97	46	48	91	79	73	13	41	14	44	82	74	95	65	20	74	44	46	41	41	14	82	50	50	54	57	1	6	49	48	90	49	92	95	42	31	47	13	25	14	3	82	85	16	3	6	13	98	
56	86	26	45	93	81	91	33	41	69	48	56	6	87	73	28	27	76	99	85	15	100	22	92	51	90	36	88	47	5	32	98	37	9	71	71	64	60	42	89	63	29	86	61	63	68	97	93	53	66	
97	54	98	96	61	62	71	57	14	48	99	68	22	34	80	2	46	93	80	62	100	9	8	20	52	9	59	38	16	42	63	38	20	34	58	87	70	52	79	91	41	95	7	97	1	27	40	41	52	69	
6	29	43	40	80	23	1	27	44	56	68	83	66	34	29	48	64	94	62	61	10	56	27	28	21	50	2	77	43	48	9	84	76	52	29	13	80	65	23	32	60	50	100	7	65	30	3	10	27	41	
6	98	12	37	41	25	40	79	82	6	22	66	54	31	78	87	17	73	16	86	52	80	79	58	95	20	60	15	3	58	30	28	9	98	62	42	73	34	9	73	17	38	53	83	85	25	28	44	13	87	
31	11	67	41	15	54	30	42	74	87	34	34	31	20	19	100	32	59	80	12	11	33	88	95	10	6	89	49	66	52	32	45	43	20	5	28	88	72	79	42	18	30	28	34	6	56	100	27	63	56	
12	75	100	39	40	82	10	47	95	73	80	29	78	19	100	64	83	97	11	57	42	64	13	80	6	92	10	100	57	63	29	35	88	19	62	13	68	61	76	33	34	59	93	71	5	51	60	72	50	54	
92	81	78	24	69	10	43	61	65	28	2	48	87	100	64	71	71	61	31	12	5	58	16	86	36	23	47	41	60	80	11	87	2	9	2	24	2	48	55	24	85	84	68	10	82	54	11	100	50	94	
57	63	89	97	62	59	31	41	20	27	46	64	17	32	83	71	24	13	79	69	27	78	3	87	9	76	68	95	5	39	5	7	88	65	58	32	9	84	98	4	74	36	81	38	73	7	52	66	72	97	
2	63	88	53	96	19	65	97	74	76	93	94	73	59	97	61	13	71	10	95	14	67	64	19	44	20	58	61	24	2	83	3	84	16	28	76	72	15	12	84	42	7	64	58	32	50	54	88	79	90	
89	22	40	50	95	75	81	6	44	99	80	62	16	80	11	31	79	10	3	6	87	7	40	95	15	61	5	62	49	62	34	39	84	64	67	74	12	8	90	51	14	57	20	86	60	54	76	94	42	100	
93	29	23	88	4	73	46	55	46	85	62	61	86	12	57	12	69	95	6	72	2	86	91	80	92	58	34	20	48	13	62	42	26	94	72	78	53	76	4	6	39	86	4	92	70	3	63	99	65	14	
17	100	93	39	89	67	97	43	41	15	100	10	52	11	42	5	27	14	87	2	74	70	80	68	49	100	10	67	35	45	97	27	39	35	48	34	5	53	89	11	17	37	38	64	76	93	56	10	26	14	
64	98	13	43	36	81	22	42	41	100	9	56	80	33	64	58	78	67	7	86	70	52	32	45	42	22	88	80	33	42	91	92	87	97	20	91	5	48	39	10	11	81	61	57	48	42	100	28	100	3	
39	16	28	5	22	80	84	35	14	22	8	27	79	88	13	16	3	64	40	91	80	32	26	95	33	83	96	88	33	18	37	79	25	23	25	71	98	51	79	18	29	46	26	49	90	18	54	99	16	93	
59	49	73	89	72	32	69	45	82	92	20	28	58	95	80	86	87	19	95	80	68	45	95	49	25	94	32	90	41	97	43	54	9	46	58	75	46	40	56	44	15	70	80	3	93	90	4	30	97	91	
32	65	2	22	75	34	98	94	50	51	52	21	95	10	6	36	9	44	15	92	49	42	33	25	53	81	90	89	3	31	86	95	74	20	5	66	34	76	31	72	80	24	12	76	40	54	68	14	76	56	
48	38	55	70	57	92	45	76	50	90	9	50	20	6	92	23	76	20	61	58	100	22	83	94	81	49	2	5	26	39	41	24	30	54	43	64	37	48	14	69	43	43	78	38	8	76	95	49	17	14	
77	67	12	42	18	74	9	1	54	36	59	2	60	89	10	47	68	58	5	34	10	88	96	32	90	2	97	91	3	98	87	100	91	92	28	100	70	55	63	82	50	57	66	54	68	67	50	83	27	66	
2	22	80	97	13	21	80	33	57	88	38	77	15	49	100	41	95	61	62	20	67	80	88	90	89	5	91	91	51	33	60	13	36	77	96	55	85	91	33	84	35	38	87	61	4	71	89	65	41	44	
23	19	89	48	38	7	8	93	1	47	16	43	3	66	57	60	5	24	49	48	35	33	33	41	3	26	3	51	53	17	86	86	70	83	47	78	15	89	32	90	89	81	85	84	12	60	65	44	6	18	
30	72	91	72	5	66	1	77	6	5	42	48	58	52	63	80	39	2	62	13	45	42	18	97	31	39	98	33	17	34	65	95	33	10	94	59	56	26	85	1	14	37	53	64	3	34	27	47	83	39	
98	61	1	8	71	12	89	68	49	32	63	9	30	32	29	11	5	83	34	62	97	91	37	43	86	41	87	60	86	65	53	82	20	13	86	76	84	61	9	33	74	27	30	13	98	43	24	10	87	95	
2	14	80	63	26	20	18	12	48	98	38	84	28	45	35	87	7	3	39	42	27	92	79	54	95	24	100	13	86	95	82	40	16	2	74	91	91	59	16	9	33	82	20	54	45	83	10	95	72	49	
77	50	9	8	95	5	72	1	90	37	20	76	9	43	88	2	88	84	84	26	39	87	25	9	74	30	91	36	70	33	20	16	13	75	51	95	64	8	42	92	2	96	32	91	74	100	13	21	21	89	
95	22	45	91	40	76	35	26	49	9	34	52	98	20	19	9	65	16	64	94	35	97	23	46	20	54	92	77	83	10	13	2	75	2	70	76	29	31	11	1	43	64	20	14	59	92	46	32	46	61	
29	69	54	88	45	46	76	26	92	71	58	29	62	5	62	2	58	28	67	72	48	20	25	58	5	43	28	96	47	94	86	74	51	70	39	64	8	77	14	53	15	86	5	33	97	31	7	51	85	12	
56	73	75	10	34	57	85	63	95	71	87	13	42	28	13	24	32	76	74	78	34	91	71	75	66	64	100	55	78	59	76	91	95	76	64	13	11	13	87	76	87	54	5	61	29	44	69	82	58	7	
26	90	60	25	29	84	32	43	42	64	70	80	73	88	68	2	9	72	12	53	5	5	98	46	34	37	70	85	15	56	84	91	64	29	8	11	65	12	56	57	1	43	83	67	86	15	33	80	77	97	
7	40	69	53	7	43	36	62	31	60	52	65	34	72	61	48	84	15	8	76	53	48	51	40	76	48	55	91	89	26	61	59	8	31	77	13	12	70	75	82	98	38	79	96	88	3	33	79	77	85	
80	43	57	24	8	11	43	16	47	42	79	23	9	79	76	55	98	12	90	4	89	39	79	56	31	14	63	33	32	85	9	16	42	11	14	87	56	75	66	8	35	18	49	12	68	53	95	13	15	90	
81	30	53	39	56	59	90	7	13	89	91	32	73	42	33	24	4	84	51	6	11	10	18	44	72	69	82	84	90	1	33	9	92	1	53	76	57	82	8	27	59	28	99	61	83	66	20	37	60	65	
95	81	80	30	35	10	3	80	25	63	41	60	17	18	34	85	74	42	14	39	17	11	29	15	80	43	50	35	89	14	74	33	2	43	15	87	1	98	35	59	90	68	56	10	42	29	66	78	74	63	
65	63	16	91	26	94	69	78	14	29	95	50	38	30	59	84	36	7	57	86	37	81	46	70	24	43	57	38	81	37	27	82	96	64	86	54	43	38	18	28	68	88	38	40	28	48	63	24	51	9	
37	67	51	21	65	6	94	52	3	86	7	100	53	28	93	68	81	64	20	4	38	61	26	80	12	78	66	87	85	53	30	20	32	20	5	5	83	79	49	99	56	38	33	94	50	22	91	37	74	75	
53	88	69	6	86	30	96	70	82	61	97	7	83	34	71	10	38	58	86	92	64	57	49	3	76	38	54	61	84	64	13	54	91	14	33	61	67	96	12	61	10	40	94	25	5	78	99	94	44	3	
59	70	23	87	42	64	51	87	85	63	1	65	85	6	5	82	73	32	60	70	76	48	90	93	40	8	68	4	12	3	98	45	74	59	97	29	86	88	68	83	42	28	50	5	66	24	82	40	51	91	
22	56	60	10	83	24	89	97	16	68	27	30	25	56	51	54	7	50	54	3	93	42	18	90	54	76	67	71	60	34	43	83	100	92	31	44	15	3	53	66	29	48	22	78	24	20	84	49	65	10	
69	44	16	8	11	4	30	35	3	97	40	3	28	100	60	11	52	54	76	63	56	100	54	4	68	95	50	89	65	27	24	10	13	46	7	69	33	33	95	20	66	63	91	99	82	84	20	15	99	32	
43	80	41	81	16	49	10	50	6	93	41	10	44	27	72	100	66	88	94	99	10	28	99	30	14	49	83	65	44	47	10	95	21	32	51	82	80	79	13	37	78	24	37	94	40	49	15	18	74	87	
77	43	3	61	8	92	76	72	13	53	52	27	13	63	50	50	72	79	42	65	26	100	16	97	76	17	27	41	6	83	87	72	21	46	85	58	77	77	15	60	74	51	74	44	51	65	99	74	78	33	
12	51	52	17	5	17	12	97	98	66	69	41	87	56	54	94	97	90	100	14	14	3	93	91	56	14	66	44	18	39	95	49	89	61	12	7	97	85	90	65	63	9	75	3	91	10	32	87	33	80	
