50
913
46	65	12	30	73	8	13	17	95	56	3	96	90	17	3	65	15	21	2	38	20	18	31	66	41	65	82	38	19	74	26	18	81	89	25	61	48	84	28	72	82	56	22	70	15	89	8	36	43	83	
91	10	54	13	14	30	79	29	46	56	7	45	45	52	15	36	68	39	68	22	64	42	76	5	44	71	22	76	68	64	52	28	87	38	25	71	69	23	14	97	61	92	57	23	6	18	71	91	69	84	
10	82	89	74	81	39	2	55	19	57	91	67	100	95	54	31	28	54	49	1	75	14	72	63	13	57	14	30	41	58	55	29	80	97	77	61	83	41	78	88	54	62	1	48	50	62	94	40	6	98	
54	89	91	66	53	48	46	53	92	43	32	97	2	43	79	60	46	79	56	3	78	32	82	70	30	93	86	50	63	61	37	26	75	51	45	78	90	69	5	45	94	4	29	56	98	76	16	1	35	98	
13	74	66	74	29	22	13	14	16	1	46	27	35	71	73	72	7	61	2	20	18	47	26	69	73	2	98	79	49	28	78	44	33	65	57	20	1	57	87	56	26	97	19	35	50	41	33	51	34	4	
14	81	53	29	49	18	16	36	22	20	10	38	88	28	74	19	21	93	70	27	12	47	81	4	43	4	7	83	54	96	97	59	91	36	74	75	11	35	33	72	13	90	1	100	24	100	88	26	11	1	
30	39	48	22	18	16	16	56	78	87	79	48	16	55	63	43	91	52	79	83	71	26	18	25	82	98	33	9	98	23	15	83	88	48	58	58	8	41	10	89	31	21	15	48	62	65	91	28	21	90	
79	2	46	13	16	16	47	15	13	61	60	10	29	29	82	96	12	35	22	4	46	51	22	85	56	48	73	32	32	41	67	14	16	16	41	11	57	30	52	44	31	77	19	28	42	74	92	2	14	70	
29	55	53	14	36	56	15	26	31	87	53	47	46	5	3	36	46	22	24	55	67	83	91	100	85	73	31	35	97	37	13	12	55	31	68	14	22	69	51	59	89	63	49	98	93	39	27	4	26	6	
46	19	92	16	22	78	13	31	15	14	56	9	57	11	39	88	91	82	50	96	14	94	7	42	11	11	37	12	39	62	35	13	29	53	64	29	15	53	30	20	3	47	43	19	37	64	95	71	75	53	
56	57	43	1	20	87	61	87	14	32	21	76	9	78	9	51	14	84	13	37	62	43	85	22	29	12	73	12	56	80	31	25	27	81	50	42	95	50	72	6	58	75	54	86	17	12	9	62	67	4	
7	91	32	46	10	79	60	53	56	21	84	15	59	68	83	62	23	67	15	25	71	93	3	9	14	33	76	31	65	88	71	98	52	44	16	29	15	24	87	89	79	34	83	19	55	97	78	87	33	60	
45	67	97	27	38	48	10	47	9	76	15	83	51	88	4	12	73	57	61	26	6	96	65	85	92	73	52	2	26	96	92	53	57	15	91	48	42	31	24	13	90	57	53	65	87	62	63	46	33	59	
45	100	2	35	88	16	29	46	57	9	59	51	78	55	1	47	60	30	57	19	63	46	64	33	2	16	6	74	12	7	63	73	38	22	64	50	89	76	21	92	69	49	79	24	72	54	51	73	62	99	
52	95	43	71	28	55	29	5	11	78	68	88	55	93	64	12	37	45	20	22	61	32	5	61	18	38	6	26	49	4	97	97	76	74	70	1	19	79	34	89	34	80	25	6	22	31	58	68	73	90	
15	54	79	73	74	63	82	3	39	9	83	4	1	64	71	23	58	57	92	37	72	19	18	47	92	41	63	100	88	55	88	66	29	47	53	70	78	2	40	60	61	60	15	43	41	6	23	96	66	63	
36	31	60	72	19	43	96	36	88	51	62	12	47	12	23	31	59	9	28	99	91	10	6	50	100	58	51	21	56	86	5	84	15	30	88	55	84	5	52	77	9	66	20	58	85	86	67	31	41	47	
68	28	46	7	21	91	12	46	91	14	23	73	60	37	58	59	2	94	76	15	67	49	64	96	17	35	37	27	78	19	11	15	78	70	55	15	80	97	88	47	90	49	94	82	31	68	69	30	38	98	
39	54	79	61	93	52	35	22	82	84	67	57	30	45	57	9	94	82	89	28	58	25	17	67	52	36	40	100	66	56	39	62	37	53	24	67	99	69	14	98	36	44	100	9	68	25	71	98	66	34	
68	49	56	2	70	79	22	24	50	13	15	61	57	20	92	28	76	89	13	72	55	8	41	95	94	68	12	39	30	43	71	31	71	4	96	55	81	47	75	92	99	18	99	2	79	73	42	22	28	53	
22	1	3	20	27	83	4	55	96	37	25	26	19	22	37	99	15	28	72	67	5	60	36	56	4	3	46	100	47	3	86	10	25	44	74	55	6	58	39	14	13	23	28	21	68	74	89	8	65	89	
64	75	78	18	12	71	46	67	14	62	71	6	63	61	72	91	67	58	55	5	62	18	66	39	95	94	82	21	38	14	54	24	75	19	27	26	6	81	64	54	39	99	78	62	19	70	10	98	86	35	
42	14	32	47	47	26	51	83	94	43	93	96	46	32	19	10	49	25	8	60	18	64	8	100	35	31	90	15	68	49	67	54	60	14	66	76	48	93	100	60	44	98	94	25	2	22	40	11	71	90	
76	72	82	26	81	18	22	91	7	85	3	65	64	5	18	6	64	17	41	36	66	8	30	53	34	12	35	75	33	41	83	32	90	9	1	89	37	48	85	2	81	86	95	20	38	11	25	5	35	63	
5	63	70	69	4	25	85	100	42	22	9	85	33	61	47	50	96	67	95	56	39	100	53	75	65	77	73	100	99	60	25	80	5	26	17	33	68	89	4	54	19	89	24	35	41	23	29	39	30	39	
44	13	30	73	43	82	56	85	11	29	14	92	2	18	92	100	17	52	94	4	95	35	34	65	73	35	89	62	68	48	94	85	100	50	63	5	48	63	2	38	82	93	77	28	68	90	25	55	12	61	
71	57	93	2	4	98	48	73	11	12	33	73	16	38	41	58	35	36	68	3	94	31	12	77	35	23	53	78	34	90	6	95	71	71	86	46	11	66	70	63	75	70	89	3	40	93	9	11	62	9	
22	14	86	98	7	33	73	31	37	73	76	52	6	6	63	51	37	40	12	46	82	90	35	73	89	53	41	13	96	54	77	79	80	74	15	15	36	12	86	57	35	80	7	52	41	95	84	89	11	99	
76	30	50	79	83	9	32	35	12	12	31	2	74	26	100	21	27	100	39	100	21	15	75	100	62	78	13	3	66	7	82	82	88	20	29	2	96	89	79	80	69	77	82	16	34	61	98	30	87	31	
68	41	63	49	54	98	32	97	39	56	65	26	12	49	88	56	78	66	30	47	38	68	33	99	68	34	96	66	52	41	35	93	53	32	81	39	33	68	10	79	94	86	93	5	39	4	95	74	56	29	
64	58	61	28	96	23	41	37	62	80	88	96	7	4	55	86	19	56	43	3	14	49	41	60	48	90	54	7	41	81	31	54	18	7	12	91	39	32	72	13	1	76	79	34	75	34	26	50	12	91	
52	55	37	78	97	15	67	13	35	31	71	92	63	97	88	5	11	39	71	86	54	67	83	25	94	6	77	82	35	31	72	64	33	68	80	13	50	99	53	31	100	65	34	77	25	52	71	55	67	20	
28	29	26	44	59	83	14	12	13	25	98	53	73	97	66	84	15	62	31	10	24	54	32	80	85	95	79	82	93	54	64	79	46	74	64	40	10	45	71	53	65	97	13	69	73	49	5	36	5	16	
87	80	75	33	91	88	16	55	29	27	52	57	38	76	29	15	78	37	71	25	75	60	90	5	100	71	80	88	53	18	33	46	32	1	3	9	6	51	76	72	68	5	49	71	76	90	18	10	79	61	
38	97	51	65	36	48	16	31	53	81	44	15	22	74	47	30	70	53	4	44	19	14	9	26	50	71	74	20	32	7	68	74	1	55	50	76	59	50	71	7	11	41	19	11	11	38	78	70	56	65	
25	77	45	57	74	58	41	68	64	50	16	91	64	70	53	88	55	24	96	74	27	66	1	17	63	86	15	29	81	12	80	64	3	50	51	95	55	67	93	86	2	29	13	24	78	52	63	54	53	94	
71	61	78	20	75	58	11	14	29	42	29	48	50	1	70	55	15	67	55	55	26	76	89	33	5	46	15	2	39	91	13	40	9	76	95	86	11	32	79	2	28	44	37	8	31	80	13	59	40	95	
69	83	90	1	11	8	57	22	15	95	15	42	89	19	78	84	80	99	81	6	6	48	37	68	48	11	36	96	33	39	50	10	6	59	55	11	71	63	20	61	42	94	86	96	84	47	19	65	86	46	
23	41	69	57	35	41	30	69	53	50	24	31	76	79	2	5	97	69	47	58	81	93	48	89	63	66	12	89	68	32	99	45	51	50	67	32	63	60	54	69	100	96	50	18	16	80	21	65	61	40	
14	78	5	87	33	10	52	51	30	72	87	24	21	34	40	52	88	14	75	39	64	100	85	4	2	70	86	79	10	72	53	71	76	71	93	79	20	54	3	25	41	36	11	97	74	33	42	56	1	25	
97	88	45	56	72	89	44	59	20	6	89	13	92	89	60	77	47	98	92	14	54	60	2	54	38	63	57	80	79	13	31	53	72	7	86	2	61	69	25	30	7	68	39	27	96	21	16	8	69	19	
61	54	94	26	13	31	31	89	3	58	79	90	69	34	61	9	90	36	99	13	39	44	81	19	82	75	35	69	94	1	100	65	68	11	2	28	42	100	41	7	98	41	94	69	80	98	57	74	51	10	
92	62	4	97	90	21	77	63	47	75	34	57	49	80	60	66	49	44	18	23	99	98	86	89	93	70	80	77	86	76	65	97	5	41	29	44	94	96	36	68	41	10	49	12	76	33	90	50	14	98	
57	1	29	19	1	15	19	49	43	54	83	53	79	25	15	20	94	100	99	28	78	94	95	24	77	89	7	82	93	79	34	13	49	19	13	37	86	50	11	39	94	49	100	19	28	83	72	30	57	18	
23	48	56	35	100	48	28	98	19	86	19	65	24	6	43	58	82	9	2	21	62	25	20	35	28	3	52	16	5	34	77	69	71	11	24	8	96	18	97	27	69	12	19	91	83	50	91	84	20	7	
6	50	98	50	24	62	42	93	37	17	55	87	72	22	41	85	31	68	79	68	19	2	38	41	68	40	41	34	39	75	25	73	76	11	78	31	84	16	74	96	80	76	28	83	30	9	46	81	44	86	
18	62	76	41	100	65	74	39	64	12	97	62	54	31	6	86	68	25	73	74	70	22	11	23	90	93	95	61	4	34	52	49	90	38	52	80	47	80	33	21	98	33	83	50	9	24	65	35	25	71	
71	94	16	33	88	91	92	27	95	9	78	63	51	58	23	67	69	71	42	89	10	40	25	29	25	9	84	98	95	26	71	5	18	78	63	13	19	21	42	16	57	90	72	91	46	65	6	33	69	30	
91	40	1	51	26	28	2	4	71	62	87	46	73	68	96	31	30	98	22	8	98	11	5	39	55	11	89	30	74	50	55	36	10	70	54	59	65	65	56	8	74	50	30	84	81	35	33	91	87	44	
69	6	35	34	11	21	14	26	75	67	33	33	62	73	66	41	38	66	28	65	86	71	35	30	12	62	11	87	56	12	67	5	79	56	53	40	86	61	1	69	51	14	57	20	44	25	69	87	23	38	
84	98	98	4	1	90	70	6	53	4	60	59	99	90	63	47	98	34	53	89	35	90	63	39	61	9	99	31	29	91	20	16	61	65	94	95	46	40	25	19	10	98	18	7	86	71	30	44	38	13	
