50
1383
26	48	8	37	100	37	69	7	61	64	51	1	41	76	28	64	53	6	93	62	45	47	41	22	87	53	78	33	68	37	73	60	40	2	21	70	31	29	84	64	44	26	91	97	81	91	57	82	6	29	
6	19	97	96	10	71	75	30	86	19	24	89	40	89	19	1	64	75	72	94	59	87	5	68	11	48	80	87	49	67	4	18	98	48	76	86	80	35	87	99	85	45	2	75	22	66	100	2	4	63	
19	18	83	90	11	75	75	85	5	2	45	50	5	62	46	57	70	32	80	88	38	55	43	72	49	58	82	73	63	13	80	20	62	77	55	13	99	48	14	71	2	40	41	54	88	100	26	21	90	5	
97	83	55	82	44	62	45	42	10	10	54	18	28	73	49	58	71	23	89	26	57	24	29	29	1	18	56	20	17	93	79	56	36	52	91	100	3	27	34	93	70	78	61	54	81	86	25	34	12	11	
96	90	82	97	72	96	3	8	100	41	36	85	19	94	99	88	12	42	55	74	60	62	92	95	61	93	92	27	54	20	86	52	23	63	19	60	45	33	94	10	58	34	72	74	38	28	21	30	22	36	
10	11	44	72	33	76	38	15	75	22	95	89	85	67	98	100	29	10	48	31	97	3	44	56	22	49	15	28	65	54	51	48	96	80	62	75	34	37	78	44	33	54	15	34	69	7	37	22	60	14	
71	75	62	96	76	19	64	66	26	8	96	6	11	24	95	40	84	88	58	41	12	26	65	88	79	83	89	60	1	90	29	99	31	56	22	91	91	19	87	59	10	3	23	46	81	46	88	50	14	44	
75	75	45	3	38	64	69	41	88	7	90	42	4	31	96	34	67	46	67	87	41	6	76	57	15	58	32	6	68	95	30	11	11	12	44	25	96	1	69	10	56	2	20	76	97	81	70	85	40	1	
30	85	42	8	15	66	41	99	14	13	86	15	8	61	4	64	15	87	85	18	71	14	68	98	21	40	93	34	81	41	90	19	72	89	15	12	29	37	91	7	66	64	3	9	20	22	13	95	33	48	
86	5	10	100	75	26	88	14	5	37	94	73	20	49	2	100	54	40	13	80	41	50	65	51	25	88	39	40	33	65	41	1	94	76	54	91	81	86	52	24	23	49	31	56	13	96	67	1	95	7	
19	2	10	41	22	8	7	13	37	58	42	56	47	65	38	82	85	51	44	92	35	62	93	66	67	61	37	77	74	24	2	77	7	80	48	71	100	81	51	52	8	44	24	3	72	17	16	91	78	87	
24	45	54	36	95	96	90	86	94	42	97	19	89	37	64	9	64	93	76	80	9	2	5	12	46	92	29	64	81	42	19	57	29	45	68	65	97	58	55	14	3	69	32	99	48	24	29	22	69	41	
89	50	18	85	89	6	42	15	73	56	19	25	11	25	79	59	16	12	58	97	98	24	85	26	84	97	48	42	22	28	100	17	55	29	79	66	54	21	33	91	74	9	91	74	58	77	56	54	77	84	
40	5	28	19	85	11	4	8	20	47	89	11	21	51	30	90	19	39	48	80	14	54	64	58	6	47	90	89	6	92	49	63	74	79	29	99	56	75	85	62	22	72	64	97	45	58	29	55	69	99	
89	62	73	94	67	24	31	61	49	65	37	25	51	56	37	62	39	85	84	87	30	8	44	45	75	44	56	64	63	80	37	22	36	64	28	78	94	42	47	24	17	67	6	56	93	11	27	86	65	97	
19	46	49	99	98	95	96	4	2	38	64	79	30	37	78	1	28	8	61	80	29	56	16	78	51	45	43	82	91	17	35	90	20	47	87	78	28	54	81	48	5	68	82	46	37	82	95	44	61	54	
1	57	58	88	100	40	34	64	100	82	9	59	90	62	1	13	56	65	37	96	84	76	65	44	68	19	21	88	77	81	50	57	14	74	54	17	89	87	23	46	21	93	80	41	85	23	60	21	67	3	
64	70	71	12	29	84	67	15	54	85	64	16	19	39	28	56	92	57	61	10	23	30	3	37	11	36	83	83	86	28	38	69	37	83	23	77	47	41	15	56	71	57	63	22	54	82	19	93	48	75	
75	32	23	42	10	88	46	87	40	51	93	12	39	85	8	65	57	72	52	32	92	59	45	90	44	13	22	72	43	26	98	58	90	16	6	6	56	1	87	41	77	15	58	5	56	79	92	24	60	84	
72	80	89	55	48	58	67	85	13	44	76	58	48	84	61	37	61	52	7	85	12	86	13	40	23	93	67	24	20	91	52	79	46	71	88	27	8	68	8	50	84	80	6	90	60	40	56	43	41	38	
94	88	26	74	31	41	87	18	80	92	80	97	80	87	80	96	10	32	85	77	47	3	66	100	9	30	70	80	31	60	4	10	85	57	68	49	18	66	69	99	87	11	45	4	12	60	7	14	40	72	
59	38	57	60	97	12	41	71	41	35	9	98	14	30	29	84	23	92	12	47	13	83	45	12	49	68	59	9	57	57	3	89	90	62	11	91	64	86	46	84	1	92	83	57	66	72	43	52	25	80	
87	55	24	62	3	26	6	14	50	62	2	24	54	8	56	76	30	59	86	3	83	40	7	28	87	97	82	34	38	51	70	86	72	14	70	95	93	86	58	13	61	91	64	64	45	20	43	23	29	52	
5	43	29	92	44	65	76	68	65	93	5	85	64	44	16	65	3	45	13	66	45	7	96	11	91	53	83	97	67	75	74	70	87	86	75	94	56	87	44	70	12	83	11	15	78	80	22	84	95	91	
68	72	29	95	56	88	57	98	51	66	12	26	58	45	78	44	37	90	40	100	12	28	11	49	21	40	77	96	18	96	28	20	23	26	96	76	41	54	93	26	37	66	33	27	4	94	35	96	79	11	
11	49	1	61	22	79	15	21	25	67	46	84	6	75	51	68	11	44	23	9	49	87	91	21	69	62	74	71	56	5	80	36	52	7	100	33	76	22	99	61	22	16	15	91	82	43	53	41	24	73	
48	58	18	93	49	83	58	40	88	61	92	97	47	44	45	19	36	13	93	30	68	97	53	40	62	87	92	95	52	73	1	20	42	49	20	9	65	13	5	23	89	2	53	95	46	66	63	37	80	23	
80	82	56	92	15	89	32	93	39	37	29	48	90	56	43	21	83	22	67	70	59	82	83	77	74	92	2	22	82	68	70	91	75	19	82	64	71	13	75	53	18	71	77	24	86	74	75	80	94	72	
87	73	20	27	28	60	6	34	40	77	64	42	89	64	82	88	83	72	24	80	9	34	97	96	71	95	22	5	41	29	83	67	44	74	3	90	7	14	39	5	90	91	33	99	33	24	43	44	7	94	
49	63	17	54	65	1	68	81	33	74	81	22	6	63	91	77	86	43	20	31	57	38	67	18	56	52	82	41	75	46	55	42	70	80	58	57	49	49	22	76	35	51	84	75	45	81	56	43	92	34	
67	13	93	20	54	90	95	41	65	24	42	28	92	80	17	81	28	26	91	60	57	51	75	96	5	73	68	29	46	68	61	51	28	84	31	17	76	51	68	47	34	34	61	39	82	52	56	87	76	62	
4	80	79	86	51	29	30	90	41	2	19	100	49	37	35	50	38	98	52	4	3	70	74	28	80	1	70	83	55	61	53	61	21	19	29	12	79	15	58	73	96	4	66	86	61	41	3	87	61	43	
18	20	56	52	48	99	11	19	1	77	57	17	63	22	90	57	69	58	79	10	89	86	70	20	36	20	91	67	42	51	61	29	67	46	67	48	80	46	81	2	56	67	91	65	47	77	55	37	33	73	
98	62	36	23	96	31	11	72	94	7	29	55	74	36	20	14	37	90	46	85	90	72	87	23	52	42	75	44	70	28	21	67	36	45	8	22	48	6	2	96	99	74	92	92	61	50	63	33	1	91	
48	77	52	63	80	56	12	89	76	80	45	29	79	64	47	74	83	16	71	57	62	14	86	26	7	49	19	74	80	84	19	46	45	98	92	69	35	44	49	5	1	83	58	96	67	92	55	22	40	8	
76	55	91	19	62	22	44	15	54	48	68	79	29	28	87	54	23	6	88	68	11	70	75	96	100	20	82	3	58	31	29	67	8	92	67	39	88	39	25	67	26	26	4	37	92	60	23	72	34	55	
86	13	100	60	75	91	25	12	91	71	65	66	99	78	78	17	77	6	27	49	91	95	94	76	33	9	64	90	57	17	12	48	22	69	39	49	77	41	40	66	99	10	14	47	14	38	34	24	28	24	
80	99	3	45	34	91	96	29	81	100	97	54	56	94	28	89	47	56	8	18	64	93	56	41	76	65	71	7	49	76	79	80	48	35	88	77	80	22	19	46	67	28	36	57	38	97	31	57	34	61	
35	48	27	33	37	19	1	37	86	81	58	21	75	42	54	87	41	1	68	66	86	86	87	54	22	13	13	14	49	51	15	46	6	44	39	41	22	36	93	82	31	14	1	50	44	60	22	31	12	19	
87	14	34	94	78	87	69	91	52	51	55	33	85	47	81	23	15	87	8	69	46	58	44	93	99	5	75	39	22	68	58	81	2	49	25	40	19	93	6	10	68	40	56	24	71	72	67	13	75	14	
99	71	93	10	44	59	10	7	24	52	14	91	62	24	48	46	56	41	50	99	84	13	70	26	61	23	53	5	76	47	73	2	96	5	67	66	46	82	10	77	9	56	65	21	3	78	61	16	93	66	
85	2	70	58	33	10	56	66	23	8	3	74	22	17	5	21	71	77	84	87	1	61	12	37	22	89	18	90	35	34	96	56	99	1	26	99	67	31	68	9	1	3	66	29	78	21	74	59	81	6	
45	40	78	34	54	3	2	64	49	44	69	9	72	67	68	93	57	15	80	11	92	91	83	66	16	2	71	91	51	34	4	67	74	83	26	10	28	14	40	56	3	43	33	11	22	47	93	35	46	71	
2	41	61	72	15	23	20	3	31	24	32	91	64	6	82	80	63	58	6	45	83	64	11	33	15	53	77	33	84	61	66	91	92	58	4	14	36	1	56	65	66	33	84	24	78	100	52	78	24	65	
75	54	54	74	34	46	76	9	56	3	99	74	97	56	46	41	22	5	90	4	57	64	15	27	91	95	24	99	75	39	86	65	92	96	37	47	57	50	24	21	29	11	24	54	72	45	42	71	7	12	
22	88	81	38	69	81	97	20	13	72	48	58	45	93	37	85	54	56	60	12	66	45	78	4	82	46	86	33	45	82	61	47	61	67	92	14	38	44	71	3	78	22	78	72	13	71	47	89	5	67	
66	100	86	28	7	46	81	22	96	17	24	77	58	11	82	23	82	79	40	60	72	20	80	94	43	66	74	24	81	52	41	77	50	92	60	38	97	60	72	78	21	47	100	45	71	56	21	34	98	57	
100	26	25	21	37	88	70	13	67	16	29	56	29	27	95	60	19	92	56	7	43	43	22	35	53	63	75	43	56	56	3	55	63	55	23	34	31	22	67	61	74	93	52	42	47	21	40	12	100	59	
2	21	34	30	22	50	85	95	1	91	22	54	55	86	44	21	93	24	43	14	52	23	84	96	41	37	80	44	43	87	87	37	33	22	72	24	57	31	13	16	59	35	78	71	89	34	12	44	80	38	
4	90	12	22	60	14	40	33	95	78	69	77	69	65	61	67	48	60	41	40	25	29	95	79	24	80	94	7	92	76	61	33	1	40	34	28	34	12	75	93	81	46	24	7	5	98	100	80	12	34	
63	5	11	36	14	44	1	48	7	87	41	84	99	97	54	3	75	84	38	72	80	52	91	11	73	23	72	94	34	62	43	73	91	8	55	24	61	19	14	66	6	71	65	12	67	57	59	38	34	49	
