50
1451
73	60	40	8	40	83	35	17	96	46	73	74	13	10	17	26	74	89	57	32	8	77	77	99	75	11	10	44	36	76	14	71	88	74	100	76	20	99	20	54	68	63	73	82	88	50	18	68	36	29	
33	69	24	95	31	28	13	8	69	60	36	18	79	73	76	75	29	75	59	80	99	54	29	49	22	12	24	74	24	55	13	50	41	95	58	97	49	4	11	4	21	14	42	11	20	43	18	65	58	80	
69	72	7	24	11	4	48	51	39	1	96	14	45	61	11	30	68	2	25	91	16	49	46	43	50	41	62	12	33	83	42	9	31	1	32	19	80	76	83	69	43	95	97	43	50	84	13	32	15	88	
24	7	65	64	15	67	37	62	51	79	15	99	39	66	82	20	16	60	60	79	57	90	49	99	98	36	75	47	9	58	7	66	8	8	22	46	29	44	41	94	48	88	26	24	57	4	64	30	63	76	
95	24	64	25	36	6	83	9	40	12	80	42	94	34	59	16	52	27	38	25	38	26	10	41	22	15	60	44	95	91	50	87	84	99	45	70	30	90	14	83	9	59	16	99	99	49	92	32	53	68	
31	11	15	36	84	97	92	43	2	67	78	9	81	83	25	73	4	23	10	86	96	79	80	24	43	49	84	43	56	11	61	39	93	76	59	70	86	43	81	83	34	80	42	76	29	14	77	65	69	74	
28	4	67	6	97	13	21	91	34	73	16	84	90	90	64	65	43	56	36	100	7	1	61	89	88	79	88	20	80	37	18	5	4	94	68	33	17	25	33	65	87	85	61	77	79	54	20	67	72	46	
13	48	37	83	92	21	64	38	91	94	77	75	87	51	84	23	15	82	81	18	15	53	31	36	50	49	60	67	100	17	3	87	54	86	51	69	98	49	35	91	27	45	79	79	53	98	100	72	88	70	
8	51	62	9	43	91	38	57	19	81	88	83	77	90	65	20	86	57	17	2	93	63	92	38	45	22	51	43	64	90	39	48	77	61	75	34	71	8	65	40	46	30	79	91	65	100	52	17	24	30	
69	39	51	40	2	34	91	19	58	96	83	42	36	89	76	20	29	25	17	28	95	48	71	82	100	25	55	2	96	60	95	45	25	24	5	48	79	42	42	83	41	100	38	46	15	97	35	26	10	54	
60	1	79	12	67	73	94	81	96	75	22	95	15	54	65	29	67	63	42	27	39	46	57	69	76	43	26	36	75	54	12	45	62	45	65	76	96	46	19	87	22	47	49	28	51	59	91	12	98	88	
36	96	15	80	78	16	77	88	83	22	35	25	43	16	73	55	31	9	66	25	71	48	44	14	16	86	15	90	17	31	76	26	19	14	78	33	96	5	59	71	7	25	29	66	3	17	26	48	16	24	
18	14	99	42	9	84	75	83	42	95	25	23	15	48	57	41	20	83	25	81	78	69	23	54	99	49	84	33	22	21	62	29	100	64	74	11	85	23	55	4	87	63	16	22	18	57	31	97	60	13	
79	45	39	94	81	90	87	77	36	15	43	15	48	18	38	99	63	18	89	67	47	29	5	33	82	97	3	16	12	32	37	10	74	77	34	15	10	85	18	69	12	85	30	60	27	84	11	76	27	33	
73	61	66	34	83	90	51	90	89	54	16	48	18	12	84	72	53	40	22	88	43	25	93	72	34	76	20	2	52	11	92	54	27	19	34	39	83	72	72	34	50	91	38	48	30	49	95	48	74	44	
76	11	82	59	25	64	84	65	76	65	73	57	38	84	28	36	70	13	42	99	83	93	11	53	30	27	31	97	1	93	43	27	12	99	52	1	48	91	88	8	46	76	95	100	20	8	35	87	92	40	
75	30	20	16	73	65	23	20	20	29	55	41	99	72	36	16	38	98	81	84	22	28	26	89	77	52	74	8	26	10	82	54	96	47	2	26	38	92	97	80	28	93	45	50	42	88	33	6	16	92	
29	68	16	52	4	43	15	86	29	67	31	20	63	53	70	38	34	37	1	1	49	15	87	71	11	71	9	32	64	80	32	81	36	24	42	50	7	92	100	45	47	20	26	87	91	95	90	86	40	77	
75	2	60	27	23	56	82	57	25	63	9	83	18	40	13	98	37	96	46	11	95	94	82	49	50	23	61	28	44	63	94	2	93	30	68	59	31	23	11	9	71	59	59	37	42	64	3	62	54	46	
59	25	60	38	10	36	81	17	17	42	66	25	89	22	42	81	1	46	57	55	53	40	7	9	9	51	32	47	100	81	28	61	88	45	8	71	54	97	98	42	39	93	65	90	77	37	70	39	30	5	
80	91	79	25	86	100	18	2	28	27	25	81	67	88	99	84	1	11	55	28	51	51	33	57	98	7	68	36	3	64	28	15	18	30	80	12	48	84	89	74	88	32	9	88	88	96	43	53	21	18	
99	16	57	38	96	7	15	93	95	39	71	78	47	43	83	22	49	95	53	51	54	9	23	67	90	43	76	50	82	81	66	40	95	86	68	58	13	49	83	27	50	22	37	41	27	4	99	31	5	26	
54	49	90	26	79	1	53	63	48	46	48	69	29	25	93	28	15	94	40	51	9	84	28	25	55	95	63	60	10	63	29	100	44	86	36	8	16	20	35	99	11	85	38	7	48	14	8	87	66	26	
29	46	49	10	80	61	31	92	71	57	44	23	5	93	11	26	87	82	7	33	23	28	29	81	90	17	43	8	6	26	7	18	78	20	12	68	54	3	29	46	44	24	100	57	85	66	76	70	79	14	
49	43	99	41	24	89	36	38	82	69	14	54	33	72	53	89	71	49	9	57	67	25	81	43	96	12	56	8	69	93	11	31	89	91	8	6	12	35	5	63	97	58	100	38	35	50	45	90	39	71	
22	50	98	22	43	88	50	45	100	76	16	99	82	34	30	77	11	50	9	98	90	55	90	96	78	93	41	24	92	35	72	27	73	69	8	91	61	24	73	79	63	9	87	46	45	25	52	58	68	82	
12	41	36	15	49	79	49	22	25	43	86	49	97	76	27	52	71	23	51	7	43	95	17	12	93	87	22	65	64	97	72	94	100	4	98	14	6	39	48	70	81	20	96	38	68	79	16	20	67	58	
24	62	75	60	84	88	60	51	55	26	15	84	3	20	31	74	9	61	32	68	76	63	43	56	41	22	94	26	77	35	95	49	18	38	21	43	3	22	72	98	82	71	58	85	64	41	21	57	1	78	
74	12	47	44	43	20	67	43	2	36	90	33	16	2	97	8	32	28	47	36	50	60	8	8	24	65	26	89	60	7	13	90	12	28	53	39	56	97	16	11	52	2	2	79	91	70	9	8	5	85	
24	33	9	95	56	80	100	64	96	75	17	22	12	52	1	26	64	44	100	3	82	10	6	69	92	64	77	60	77	38	57	53	68	33	42	28	70	12	37	22	21	70	8	53	33	57	9	51	79	10	
55	83	58	91	11	37	17	90	60	54	31	21	32	11	93	10	80	63	81	64	81	63	26	93	35	97	35	7	38	46	11	27	70	42	64	42	48	24	45	8	87	59	73	19	83	54	88	12	72	53	
13	42	7	50	61	18	3	39	95	12	76	62	37	92	43	82	32	94	28	28	66	29	7	11	72	72	95	13	57	11	37	19	60	25	69	76	89	38	45	68	85	76	79	11	67	49	76	8	28	19	
50	9	66	87	39	5	87	48	45	45	26	29	10	54	27	54	81	2	61	15	40	100	18	31	27	94	49	90	53	27	19	47	14	83	92	68	3	2	55	39	10	17	9	84	75	93	52	98	8	76	
41	31	8	84	93	4	54	77	25	62	19	100	74	27	12	96	36	93	88	18	95	44	78	89	73	100	18	12	68	70	60	14	51	86	24	53	85	66	7	13	12	38	50	20	77	56	97	17	77	92	
95	1	8	99	76	94	86	61	24	45	14	64	77	19	99	47	24	30	45	30	86	86	20	91	69	4	38	28	33	42	25	83	86	68	32	3	36	7	21	16	21	5	91	71	15	67	2	11	36	9	
58	32	22	45	59	68	51	75	5	65	78	74	34	34	52	2	42	68	8	80	68	36	12	8	8	98	21	53	42	64	69	92	24	32	73	54	69	47	93	47	61	72	66	84	80	68	44	43	17	59	
97	19	46	70	70	33	69	34	48	76	33	11	15	39	1	26	50	59	71	12	58	8	68	6	91	14	43	39	28	42	76	68	53	3	54	73	72	57	40	9	65	22	69	95	6	19	92	98	71	43	
49	80	29	30	86	17	98	71	79	96	96	85	10	83	48	38	7	31	54	48	13	16	54	12	61	6	3	56	70	48	89	3	85	36	69	72	79	90	24	69	21	3	67	37	14	65	12	29	19	30	
4	76	44	90	43	25	49	8	42	46	5	23	85	72	91	92	92	23	97	84	49	20	3	35	24	39	22	97	12	24	38	2	66	7	47	57	90	1	74	13	65	47	74	92	8	5	34	20	62	36	
11	83	41	14	81	33	35	65	42	19	59	55	18	72	88	97	100	11	98	89	83	35	29	5	73	48	72	16	37	45	45	55	7	21	93	40	24	74	31	97	26	31	95	98	23	100	96	84	5	77	
4	69	94	83	83	65	91	40	83	87	71	4	69	34	8	80	45	9	42	74	27	99	46	63	79	70	98	11	22	8	68	39	13	16	47	9	69	13	97	60	33	78	31	93	12	40	13	62	86	33	
21	43	48	9	34	87	27	46	41	22	7	87	12	50	46	28	47	71	39	88	50	11	44	97	63	81	82	52	21	87	85	10	12	21	61	65	21	65	26	33	22	91	21	79	26	82	39	20	48	30	
14	95	88	59	80	85	45	30	100	47	25	63	85	91	76	93	20	59	93	32	22	85	24	58	9	20	71	2	70	59	76	17	38	5	72	22	3	47	31	78	91	15	16	25	76	74	45	55	100	9	
42	97	26	16	42	61	79	79	38	49	29	16	30	38	95	45	26	59	65	9	37	38	100	100	87	96	58	2	8	73	79	9	50	91	66	69	67	74	95	31	21	16	44	33	28	94	88	56	16	27	
11	43	24	99	76	77	79	91	46	28	66	22	60	48	100	50	87	37	90	88	41	7	57	38	46	38	85	79	53	19	11	84	20	71	84	95	37	92	98	93	79	25	33	59	37	48	80	90	14	80	
20	50	57	99	29	79	53	65	15	51	3	18	27	30	20	42	91	42	77	88	27	48	85	35	45	68	64	91	33	83	67	75	77	15	80	6	14	8	23	12	26	76	28	37	1	23	76	90	15	25	
43	84	4	49	14	54	98	100	97	59	17	57	84	49	8	88	95	64	37	96	4	14	66	50	25	79	41	70	57	54	49	93	56	67	68	19	65	5	100	40	82	74	94	48	23	34	30	89	61	26	
18	13	64	92	77	20	100	52	35	91	26	31	11	95	35	33	90	3	70	43	99	8	76	45	52	16	21	9	9	88	76	52	97	2	44	92	12	34	96	13	39	45	88	80	76	30	23	46	73	23	
65	32	30	32	65	67	72	17	26	12	48	97	76	48	87	6	86	62	39	53	31	87	70	90	58	20	57	8	51	12	8	98	17	11	43	98	29	20	84	62	20	55	56	90	90	89	46	27	75	80	
58	15	63	53	69	72	88	24	10	98	16	60	27	74	92	16	40	54	30	21	5	66	79	39	68	67	1	5	79	72	28	8	77	36	17	71	19	62	5	86	48	100	16	14	15	61	73	75	88	66	
80	88	76	68	74	46	70	30	54	88	24	13	33	44	40	92	77	46	5	18	26	26	14	71	82	58	78	85	10	53	19	76	92	9	59	43	30	36	77	33	30	9	27	80	25	26	23	80	66	53	
