50
1246
96	27	33	88	87	59	95	17	87	66	23	69	19	43	18	31	1	61	29	16	64	61	20	78	95	30	15	24	32	96	84	10	97	34	64	51	77	59	96	84	20	12	47	93	29	12	11	90	21	9	
89	47	53	12	44	40	5	59	11	90	87	55	13	23	70	29	80	42	87	34	60	93	1	59	69	36	90	69	70	40	75	15	42	82	88	86	91	17	10	31	48	24	18	91	38	61	15	71	8	18	
47	20	52	31	95	26	26	18	77	61	88	4	4	28	60	53	40	71	4	3	77	20	50	58	86	78	16	18	85	85	60	77	1	8	26	5	12	81	27	47	12	75	36	58	65	24	51	21	89	21	
53	52	17	85	36	20	57	60	78	97	53	61	18	10	47	19	55	54	96	21	61	28	45	7	71	49	8	79	96	78	34	27	37	94	83	67	32	44	33	88	56	64	11	43	36	87	33	74	95	27	
12	31	85	82	57	98	75	65	28	28	19	18	98	4	76	49	51	8	23	17	60	85	12	51	86	88	85	44	23	15	64	40	61	46	16	82	66	63	81	9	63	81	43	10	3	20	54	84	88	8	
44	95	36	57	11	42	43	68	15	36	67	18	61	74	85	84	83	21	69	21	70	55	56	50	4	66	93	16	5	80	84	82	16	81	95	47	73	87	29	82	58	8	67	100	53	42	79	83	3	69	
40	26	20	98	42	86	17	50	18	46	77	74	10	4	91	6	17	76	4	85	98	51	95	78	66	90	97	30	19	52	42	99	60	38	23	18	93	24	37	93	12	28	91	51	48	98	25	65	88	31	
5	26	57	75	43	17	97	73	66	28	4	54	78	45	48	24	11	26	78	42	85	31	39	26	50	78	2	52	19	61	65	1	18	67	6	66	6	17	68	28	45	8	5	1	45	48	53	62	81	39	
59	18	60	65	68	50	73	42	86	31	20	33	23	47	85	30	75	100	3	41	91	14	29	93	7	20	79	57	5	31	49	20	77	33	69	10	86	47	48	5	13	42	19	7	8	35	30	59	39	19	
11	77	78	28	15	18	66	86	97	59	6	21	30	51	57	53	61	21	20	49	50	52	32	78	96	64	9	14	57	9	30	82	41	66	91	99	51	56	86	27	15	13	87	1	82	46	17	86	15	46	
90	61	97	28	36	46	28	31	59	36	21	99	21	18	53	99	35	53	57	48	89	63	44	36	33	93	90	71	81	14	79	1	68	84	88	8	31	97	14	29	70	69	84	24	96	87	5	56	15	96	
87	88	53	19	67	77	4	20	6	21	84	44	80	54	64	9	4	39	57	85	9	12	43	87	30	72	1	95	9	25	34	36	94	53	33	27	72	70	48	90	91	33	75	78	98	45	61	87	22	64	
55	4	61	18	18	74	54	33	21	99	44	33	70	38	59	37	43	94	3	45	20	45	51	58	52	17	46	67	11	33	74	74	71	62	46	2	8	75	100	30	82	17	89	66	55	81	71	39	74	79	
13	4	18	98	61	10	78	23	30	21	80	70	12	58	67	96	2	90	74	82	97	85	92	53	17	94	61	46	27	65	60	25	99	38	55	29	49	61	3	39	41	33	86	19	57	39	45	9	39	26	
23	28	10	4	74	4	45	47	51	18	54	38	58	85	46	94	8	6	88	81	9	19	68	80	19	65	28	35	41	70	17	83	5	100	35	86	29	84	29	72	56	25	69	7	29	17	99	94	14	22	
70	60	47	76	85	91	48	85	57	53	64	59	67	46	57	81	13	77	38	58	65	17	52	90	7	66	44	24	42	78	40	53	14	18	30	23	12	74	44	41	56	52	71	91	20	63	35	58	23	79	
29	53	19	49	84	6	24	30	53	99	9	37	96	94	81	17	71	8	21	20	73	92	69	55	59	24	62	2	88	7	29	40	84	31	95	75	87	89	70	59	99	96	11	20	43	16	69	39	20	51	
80	40	55	51	83	17	11	75	61	35	4	43	2	8	13	71	91	79	27	36	83	92	96	23	10	85	51	41	4	70	21	4	90	21	9	54	43	16	78	41	37	70	16	51	44	74	32	84	38	10	
42	71	54	8	21	76	26	100	21	53	39	94	90	6	77	8	79	50	75	44	60	13	96	62	29	41	66	9	50	8	2	31	52	38	35	12	78	64	16	18	35	98	17	76	93	100	22	77	68	65	
87	4	96	23	69	4	78	3	20	57	57	3	74	88	38	21	27	75	64	51	2	15	7	26	32	95	13	92	50	71	77	93	33	31	62	52	65	19	26	48	28	46	69	53	94	48	14	90	47	42	
34	3	21	17	21	85	42	41	49	48	85	45	82	81	58	20	36	44	51	37	69	79	47	80	27	63	80	28	55	20	16	9	76	26	54	2	97	40	68	21	77	18	72	36	53	72	77	42	66	17	
60	77	61	60	70	98	85	91	50	89	9	20	97	9	65	73	83	60	2	69	19	25	42	69	3	21	52	99	17	79	97	37	28	88	93	51	72	46	79	43	62	27	71	1	19	56	76	66	56	74	
93	20	28	85	55	51	31	14	52	63	12	45	85	19	17	92	92	13	15	79	25	45	96	89	83	97	1	48	96	75	12	77	59	75	64	43	6	88	18	13	52	67	21	68	14	51	79	24	46	22	
1	50	45	12	56	95	39	29	32	44	43	51	92	68	52	69	96	96	7	47	42	96	38	31	25	33	71	59	13	77	46	56	51	60	18	54	79	59	15	68	77	79	95	85	51	24	14	1	96	27	
59	58	7	51	50	78	26	93	78	36	87	58	53	80	90	55	23	62	26	80	69	89	31	26	40	59	60	7	14	23	9	29	29	43	77	30	31	7	56	10	12	47	90	17	56	98	59	74	51	12	
69	86	71	86	4	66	50	7	96	33	30	52	17	19	7	59	10	29	32	27	3	83	25	40	96	33	12	62	48	3	75	64	14	66	70	41	79	4	90	79	46	34	16	21	99	22	85	23	88	3	
36	78	49	88	66	90	78	20	64	93	72	17	94	65	66	24	85	41	95	63	21	97	33	59	33	2	18	80	61	1	79	36	44	56	27	61	79	20	24	1	28	79	49	73	37	30	17	78	61	38	
90	16	8	85	93	97	2	79	9	90	1	46	61	28	44	62	51	66	13	80	52	1	71	60	12	18	13	11	2	51	22	13	46	56	37	25	64	19	37	15	84	54	23	97	17	80	94	16	83	45	
69	18	79	44	16	30	52	57	14	71	95	67	46	35	24	2	41	9	92	28	99	48	59	7	62	80	11	14	56	91	26	47	47	13	95	11	29	17	18	51	41	70	23	98	60	37	52	72	77	49	
70	85	96	23	5	19	19	5	57	81	9	11	27	41	42	88	4	50	50	55	17	96	13	14	48	61	2	56	85	13	92	47	83	86	63	24	99	18	75	44	39	45	82	85	71	22	76	62	92	25	
40	85	78	15	80	52	61	31	9	14	25	33	65	70	78	7	70	8	71	20	79	75	77	23	3	1	51	91	13	72	14	31	95	98	60	89	42	71	17	43	61	92	89	67	78	12	88	91	100	88	
75	60	34	64	84	42	65	49	30	79	34	74	60	17	40	29	21	2	77	16	97	12	46	9	75	79	22	26	92	14	54	48	45	64	78	3	70	34	47	28	98	6	10	89	15	41	44	1	59	36	
15	77	27	40	82	99	1	20	82	1	36	74	25	83	53	40	4	31	93	9	37	77	56	29	64	36	13	47	47	31	48	81	38	28	37	69	64	25	97	91	68	88	38	95	5	21	29	48	33	81	
42	1	37	61	16	60	18	77	41	68	94	71	99	5	14	84	90	52	33	76	28	59	51	29	14	44	46	47	83	95	45	38	21	63	74	70	47	47	74	55	23	78	76	46	79	25	88	53	91	12	
82	8	94	46	81	38	67	33	66	84	53	62	38	100	18	31	21	38	31	26	88	75	60	43	66	56	56	13	86	98	64	28	63	8	66	41	8	67	29	32	69	92	45	9	28	90	54	37	12	74	
88	26	83	16	95	23	6	69	91	88	33	46	55	35	30	95	9	35	62	54	93	64	18	77	70	27	37	95	63	60	78	37	74	66	96	20	87	19	15	6	5	86	2	48	46	72	52	65	16	96	
86	5	67	82	47	18	66	10	99	8	27	2	29	86	23	75	54	12	52	2	51	43	54	30	41	61	25	11	24	89	3	69	70	41	20	81	51	83	50	98	19	72	95	29	68	21	23	28	50	62	
91	12	32	66	73	93	6	86	51	31	72	8	49	29	12	87	43	78	65	97	72	6	79	31	79	79	64	29	99	42	70	64	47	8	87	51	42	41	10	39	30	26	58	42	79	17	84	71	52	5	
17	81	44	63	87	24	17	47	56	97	70	75	61	84	74	89	16	64	19	40	46	88	59	7	4	20	19	17	18	71	34	25	47	67	19	83	41	26	68	12	78	30	55	11	50	49	59	23	44	75	
10	27	33	81	29	37	68	48	86	14	48	100	3	29	44	70	78	16	26	68	79	18	15	56	90	24	37	18	75	17	47	97	74	29	15	50	10	68	40	44	42	53	58	15	18	77	2	96	42	74	
31	47	88	9	82	93	28	5	27	29	90	30	39	72	41	59	41	18	48	21	43	13	68	10	79	1	15	51	44	43	28	91	55	32	6	98	39	12	44	38	85	90	100	87	95	8	65	16	93	82	
48	12	56	63	58	12	45	13	15	70	91	82	41	56	56	99	37	35	28	77	62	52	77	12	46	28	84	41	39	61	98	68	23	69	5	19	30	78	42	85	64	45	47	91	9	77	30	66	11	67	
24	75	64	81	8	28	8	42	13	69	33	17	33	25	52	96	70	98	46	18	27	67	79	47	34	79	54	70	45	92	6	88	78	92	86	72	26	30	53	90	45	19	40	100	42	79	77	16	92	1	
18	36	11	43	67	91	5	19	87	84	75	89	86	69	71	11	16	17	69	72	71	21	95	90	16	49	23	23	82	89	10	38	76	45	2	95	58	55	58	100	47	40	68	82	34	64	52	89	62	43	
91	58	43	10	100	51	1	7	1	24	78	66	19	7	91	20	51	76	53	36	1	68	85	17	21	73	97	98	85	67	89	95	46	9	48	29	42	11	15	87	91	100	82	27	36	95	69	85	11	49	
38	65	36	3	53	48	45	8	82	96	98	55	57	29	20	43	44	93	94	53	19	14	51	56	99	37	17	60	71	78	15	5	79	28	46	68	79	50	18	95	9	42	34	36	73	61	15	57	68	6	
61	24	87	20	42	98	48	35	46	87	45	81	39	17	63	16	74	100	48	72	56	51	24	98	22	30	80	37	22	12	41	21	25	90	72	21	17	49	77	8	77	79	64	95	61	94	65	36	26	2	
15	51	33	54	79	25	53	30	17	5	61	71	45	99	35	69	32	22	14	77	76	79	14	59	85	17	94	52	76	88	44	29	88	54	52	23	84	59	2	65	30	77	52	69	15	65	82	32	80	45	
71	21	74	84	83	65	62	59	86	56	87	39	9	94	58	39	84	77	90	42	66	24	1	74	23	78	16	72	62	91	1	48	53	37	65	28	71	23	96	16	66	16	89	85	57	36	32	30	18	62	
8	89	95	88	3	88	81	39	15	15	22	74	39	14	23	20	38	68	47	66	56	46	96	51	88	61	83	77	92	100	59	33	91	12	16	50	52	44	42	93	11	92	62	11	68	26	80	18	31	83	
18	21	27	8	69	31	39	19	46	96	64	79	26	22	79	51	10	65	42	17	74	22	27	12	3	38	45	49	25	88	36	81	12	74	96	62	5	75	74	82	67	1	43	49	6	2	45	62	83	76	
