50
1421
65	28	46	37	8	53	51	47	59	77	60	23	94	93	65	14	27	60	86	27	57	76	82	56	37	11	19	24	72	96	44	83	14	82	2	70	42	64	47	68	70	72	84	84	57	3	28	89	55	25	
7	97	35	11	78	37	50	1	60	6	52	16	68	4	84	67	42	23	71	56	44	43	41	81	73	17	29	35	18	66	21	13	76	9	92	54	15	48	64	100	93	41	77	14	21	42	99	48	55	63	
97	27	52	13	42	49	71	68	75	37	98	25	47	79	92	84	8	89	13	84	47	19	66	42	7	34	76	99	70	27	78	70	74	78	33	1	6	11	66	2	60	18	75	7	5	87	77	48	22	86	
35	52	60	39	9	21	90	27	76	39	41	71	34	56	88	23	87	83	49	74	100	79	48	61	82	79	53	41	58	28	85	20	79	48	76	45	88	18	34	30	66	37	63	26	79	16	52	21	96	54	
11	13	39	84	72	62	37	46	39	28	6	44	49	39	52	47	18	74	62	84	40	81	85	53	87	13	94	84	64	41	22	68	12	9	85	84	70	21	36	80	17	69	3	19	84	85	99	42	66	92	
78	42	9	72	24	66	39	42	29	18	93	59	24	44	10	95	9	48	3	1	60	77	60	84	61	50	71	6	12	69	33	74	61	81	96	41	47	47	19	30	65	32	51	14	16	18	58	98	15	51	
37	49	21	62	66	79	31	69	50	61	33	49	50	81	10	82	71	68	4	67	100	29	65	29	35	75	45	44	80	57	18	47	82	74	5	3	76	51	22	32	57	33	11	53	52	78	36	21	43	79	
50	71	90	37	39	31	79	15	36	49	49	56	19	80	60	63	30	90	93	98	89	97	58	77	11	27	59	97	18	25	80	3	43	15	45	7	30	21	91	50	75	93	16	10	23	12	52	1	21	65	
1	68	27	46	42	69	15	37	76	34	22	24	10	49	18	4	75	100	58	100	23	52	91	99	82	41	52	24	94	40	99	65	97	100	55	35	6	52	22	24	77	88	41	16	27	14	43	85	36	77	
60	75	76	39	29	50	36	76	54	35	27	2	81	36	89	50	34	41	13	35	9	61	91	24	57	44	30	51	62	85	25	93	13	19	55	75	44	34	55	59	55	34	24	34	91	59	61	72	6	27	
6	37	39	28	18	61	49	34	35	4	53	72	51	39	16	30	26	11	81	58	11	50	92	5	64	38	5	68	98	91	80	8	33	22	56	71	59	97	43	29	74	97	4	21	27	52	44	5	47	16	
52	98	41	6	93	33	49	22	27	53	41	16	94	24	84	57	15	59	47	13	69	40	66	80	16	37	31	1	33	95	14	81	62	87	72	84	65	94	27	69	9	10	10	6	24	12	85	48	87	8	
16	25	71	44	59	49	56	24	2	72	16	93	39	20	96	100	34	45	21	72	24	13	87	34	65	8	21	27	44	19	52	96	87	3	62	98	21	41	37	84	27	61	88	82	28	12	67	74	45	2	
68	47	34	49	24	50	19	10	81	51	94	39	30	20	62	24	78	29	8	60	34	56	84	11	13	6	18	96	14	60	74	33	71	21	92	66	88	1	72	97	83	30	60	66	97	48	89	75	76	85	
4	79	56	39	44	81	80	49	36	39	24	20	20	41	2	62	15	16	15	21	61	48	33	39	74	66	85	84	86	10	59	93	30	15	10	29	20	42	51	89	3	18	85	61	4	69	45	81	3	77	
84	92	88	52	10	10	60	18	89	16	84	96	62	2	93	69	39	88	74	68	29	13	59	71	23	80	38	45	46	27	63	86	89	75	81	90	91	11	75	84	73	32	72	4	21	82	53	27	48	38	
67	84	23	47	95	82	63	4	50	30	57	100	24	62	69	63	39	9	18	92	84	59	63	45	66	13	94	13	54	54	66	13	73	32	15	34	61	8	95	72	1	80	12	73	49	62	79	67	80	72	
42	8	87	18	9	71	30	75	34	26	15	34	78	15	39	39	19	52	49	59	57	13	94	48	87	98	27	45	13	100	45	68	60	30	37	18	73	26	78	45	56	2	59	1	80	79	7	88	29	55	
23	89	83	74	48	68	90	100	41	11	59	45	29	16	88	9	52	54	27	100	4	34	76	94	97	3	43	46	26	34	62	6	6	71	16	1	64	42	61	33	42	24	5	78	49	65	19	63	69	24	
71	13	49	62	3	4	93	58	13	81	47	21	8	15	74	18	49	27	11	43	40	11	10	61	69	30	66	24	46	99	100	95	33	24	70	71	94	15	40	32	41	62	32	90	77	97	94	27	25	12	
56	84	74	84	1	67	98	100	35	58	13	72	60	21	68	92	59	100	43	55	67	42	82	7	69	93	20	11	45	18	11	11	9	38	3	63	43	85	28	42	79	11	42	7	16	7	85	25	82	65	
44	47	100	40	60	100	89	23	9	11	69	24	34	61	29	84	57	4	40	67	52	57	97	69	49	78	99	62	37	84	52	41	45	38	44	75	32	52	26	20	31	62	72	87	47	75	11	50	18	30	
43	19	79	81	77	29	97	52	61	50	40	13	56	48	13	59	13	34	11	42	57	17	4	59	89	1	72	49	68	10	54	83	26	18	95	78	32	41	31	7	85	18	80	68	65	27	84	33	97	94	
41	66	48	85	60	65	58	91	91	92	66	87	84	33	59	63	94	76	10	82	97	4	92	48	91	1	12	80	53	26	43	71	11	29	67	15	77	79	17	77	66	45	51	43	70	96	20	89	67	81	
81	42	61	53	84	29	77	99	24	5	80	34	11	39	71	45	48	94	61	7	69	59	48	22	26	97	87	39	99	47	13	47	93	40	78	42	56	39	65	80	47	49	1	33	18	65	24	95	75	63	
73	7	82	87	61	35	11	82	57	64	16	65	13	74	23	66	87	97	69	69	49	89	91	26	90	56	7	74	66	5	24	16	26	75	5	35	75	17	25	54	71	90	35	33	45	79	11	52	80	38	
17	34	79	13	50	75	27	41	44	38	37	8	6	66	80	13	98	3	30	93	78	1	1	97	56	62	94	43	53	58	28	95	27	66	62	98	25	28	47	81	49	9	83	63	32	81	84	28	3	94	
29	76	53	94	71	45	59	52	30	5	31	21	18	85	38	94	27	43	66	20	99	72	12	87	7	94	48	45	75	100	54	75	5	53	12	6	28	74	81	89	22	83	28	18	29	35	10	93	57	92	
35	99	41	84	6	44	97	24	51	68	1	27	96	84	45	13	45	46	24	11	62	49	80	39	74	43	45	87	73	64	75	24	45	6	72	82	69	16	9	94	72	12	90	61	14	63	95	71	45	64	
18	70	58	64	12	80	18	94	62	98	33	44	14	86	46	54	13	26	46	45	37	68	53	99	66	53	75	73	35	57	30	59	40	46	83	60	50	11	79	81	98	10	9	38	28	80	19	18	25	70	
66	27	28	41	69	57	25	40	85	91	95	19	60	10	27	54	100	34	99	18	84	10	26	47	5	58	100	64	57	85	45	31	78	42	47	2	76	58	94	45	60	8	40	84	2	77	84	8	85	66	
21	78	85	22	33	18	80	99	25	80	14	52	74	59	63	66	45	62	100	11	52	54	43	13	24	28	54	75	30	45	30	19	91	11	61	44	39	55	66	4	91	47	52	44	19	67	7	58	1	77	
13	70	20	68	74	47	3	65	93	8	81	96	33	93	86	13	68	6	95	11	41	83	71	47	16	95	75	24	59	31	19	28	93	78	63	29	83	13	24	88	70	31	17	12	50	36	21	72	7	80	
76	74	79	12	61	82	43	97	13	33	62	87	71	30	89	73	60	6	33	9	45	26	11	93	26	27	5	45	40	78	91	93	86	35	52	12	80	91	100	61	95	16	51	7	67	11	18	83	98	30	
9	78	48	9	81	74	15	100	19	22	87	3	21	15	75	32	30	71	24	38	38	18	29	40	75	66	53	6	46	42	11	78	35	87	9	98	71	28	79	89	42	20	25	14	59	10	64	74	89	99	
92	33	76	85	96	5	45	55	55	56	72	62	92	10	81	15	37	16	70	3	44	95	67	78	5	62	12	72	83	47	61	63	52	9	47	2	82	1	100	10	1	78	47	61	12	36	54	29	41	59	
54	1	45	84	41	3	7	35	75	71	84	98	66	29	90	34	18	1	71	63	75	78	15	42	35	98	6	82	60	2	44	29	12	98	2	54	95	93	15	59	75	97	61	43	23	86	43	13	48	36	
15	6	88	70	47	76	30	6	44	59	65	21	88	20	91	61	73	64	94	43	32	32	77	56	75	25	28	69	50	76	39	83	80	71	82	95	96	68	21	13	78	77	69	9	70	93	86	41	89	85	
48	11	18	21	47	51	21	52	34	97	94	41	1	42	11	8	26	42	15	85	52	41	79	39	17	28	74	16	11	58	55	13	91	28	1	93	68	57	77	42	16	60	13	42	66	68	21	13	80	72	
64	66	34	36	19	22	91	22	55	43	27	37	72	51	75	95	78	61	40	28	26	31	17	65	25	47	81	9	79	94	66	24	100	79	100	15	21	77	48	87	12	44	54	7	67	28	27	32	77	83	
100	2	30	80	30	32	50	24	59	29	69	84	97	89	84	72	45	33	32	42	20	7	77	80	54	81	89	94	81	45	4	88	61	89	10	59	13	42	87	5	93	99	59	74	28	16	31	9	43	87	
93	60	66	17	65	57	75	77	55	74	9	27	83	3	73	1	56	42	41	79	31	85	66	47	71	49	22	72	98	60	91	70	95	42	1	75	78	16	12	93	13	60	82	44	89	50	98	60	63	50	
41	18	37	69	32	33	93	88	34	97	10	61	30	18	32	80	2	24	62	11	62	18	45	49	90	9	83	12	10	8	47	31	16	20	78	97	77	60	44	99	60	87	72	96	69	80	36	15	49	91	
77	75	63	3	51	11	16	41	24	4	10	88	60	85	72	12	59	5	32	42	72	80	51	1	35	83	28	90	9	40	52	17	51	25	47	61	69	13	54	59	82	72	15	21	93	83	32	92	90	81	
14	7	26	19	14	53	10	16	34	21	6	82	66	61	4	73	1	78	90	7	87	68	43	33	33	63	18	61	38	84	44	12	7	14	61	43	9	42	7	74	44	96	21	5	46	2	29	22	57	82	
21	5	79	84	16	52	23	27	91	27	24	28	97	4	21	49	80	49	77	16	47	65	70	18	45	32	29	14	28	2	19	50	67	59	12	23	70	66	67	28	89	69	93	46	43	40	43	7	29	87	
42	87	16	85	18	78	12	14	59	52	12	12	48	69	82	62	79	65	97	7	75	27	96	65	79	81	35	63	80	77	67	36	11	10	36	86	93	68	28	16	50	80	83	2	40	100	88	46	33	7	
99	77	52	99	58	36	52	43	61	44	85	67	89	45	53	79	7	19	94	85	11	84	20	24	11	84	10	95	19	84	7	21	18	64	54	43	86	21	27	31	98	36	32	29	43	88	98	96	65	37	
48	48	21	42	98	21	1	85	72	5	48	74	75	81	27	67	88	63	27	25	50	33	89	95	52	28	93	71	18	8	58	72	83	74	29	13	41	13	32	9	60	15	92	22	7	46	96	98	17	64	
55	22	96	66	15	43	21	36	6	47	87	45	76	3	48	80	29	69	25	82	18	97	67	75	80	3	57	45	25	85	1	7	98	89	41	48	89	80	77	43	63	49	90	57	29	33	65	17	19	58	
63	86	54	92	51	79	65	77	27	16	8	2	85	77	38	72	55	24	12	65	30	94	81	63	38	94	92	64	70	66	77	80	30	99	59	36	85	72	83	87	50	91	81	82	87	7	37	64	58	6	
