50
1189
93	69	89	13	90	48	44	46	48	27	46	91	35	61	50	81	30	55	67	31	8	47	16	24	3	69	33	8	54	44	32	32	29	98	45	19	74	99	90	74	54	3	30	38	57	15	23	56	34	10	
48	81	19	65	56	43	10	17	65	67	40	60	32	20	71	80	44	22	85	5	70	12	73	12	70	91	96	57	91	33	34	96	30	3	91	41	74	77	60	16	98	82	23	8	49	97	17	48	87	40	
81	20	47	96	3	9	86	6	74	49	10	87	4	32	13	29	88	12	32	21	31	68	89	31	96	51	31	57	55	32	15	37	91	56	90	81	80	90	95	39	52	12	72	18	10	65	14	47	11	31	
19	47	24	21	88	61	48	80	38	79	50	91	5	14	26	79	65	86	33	85	28	30	100	56	47	90	18	50	68	70	21	86	64	37	65	10	41	9	48	99	97	18	23	98	76	90	31	70	30	68	
65	96	21	7	1	37	11	2	60	78	67	84	7	49	18	20	36	6	4	51	76	7	82	11	38	19	10	68	75	27	33	30	1	54	64	88	89	73	60	83	8	90	20	13	2	70	19	89	80	44	
56	3	88	1	76	25	43	33	9	64	75	63	5	82	5	10	67	73	64	10	19	41	27	100	52	40	53	27	67	3	15	88	41	66	30	7	62	37	25	59	100	76	24	38	76	27	83	86	35	38	
43	9	61	37	25	55	39	96	20	93	19	88	57	45	72	98	98	49	4	44	30	58	38	76	14	79	14	72	40	53	83	17	19	55	25	62	71	75	25	21	71	51	58	4	96	38	8	73	6	51	
10	86	48	11	43	39	19	57	32	66	46	96	86	37	92	100	93	66	44	69	52	30	84	22	81	22	100	33	99	43	5	46	88	65	44	62	91	40	79	11	46	92	74	8	35	96	9	48	12	98	
17	6	80	2	33	96	57	31	81	8	9	70	86	22	59	30	31	24	73	30	56	62	50	97	6	70	91	18	95	36	3	64	74	21	30	33	69	26	41	82	32	95	77	42	85	94	52	59	47	67	
65	74	38	60	9	20	32	81	67	84	91	11	27	72	75	51	79	63	65	16	53	99	9	8	1	34	14	4	33	59	53	49	99	11	5	90	51	29	21	67	74	61	58	4	85	83	56	38	89	87	
67	49	79	78	64	93	66	8	84	24	9	31	89	2	65	14	79	47	65	3	26	7	70	76	93	85	98	29	7	85	30	77	74	51	18	83	79	98	16	32	40	11	84	39	16	50	79	41	57	39	
40	10	50	67	75	19	46	9	91	9	73	28	69	97	96	73	100	5	67	28	36	94	93	21	62	46	55	6	70	68	83	80	15	89	69	52	11	13	95	38	96	18	46	98	26	8	40	28	47	98	
60	87	91	84	63	88	96	70	11	31	28	77	17	71	91	66	97	23	28	38	41	91	65	77	61	60	96	49	97	12	29	64	55	17	19	54	49	7	30	19	30	60	68	87	48	97	54	40	71	92	
32	4	5	7	5	57	86	86	27	89	69	17	29	37	89	45	78	66	2	97	47	73	19	75	35	21	98	55	27	74	29	64	87	38	14	60	42	81	74	81	23	8	8	36	63	93	87	62	21	63	
20	32	14	49	82	45	37	22	72	2	97	71	37	33	93	70	91	45	38	63	100	35	12	76	71	1	95	17	79	26	11	92	65	35	40	24	79	74	13	34	55	49	56	34	60	5	20	99	23	98	
71	13	26	18	5	72	92	59	75	65	96	91	89	93	19	57	59	27	21	68	80	4	46	25	38	29	2	15	100	97	84	87	85	61	8	63	72	33	5	97	96	48	61	99	44	4	78	100	43	10	
80	29	79	20	10	98	100	30	51	14	73	66	45	70	57	81	13	97	23	86	84	75	60	50	83	16	67	69	90	36	57	59	64	93	75	99	34	87	63	84	82	84	18	14	49	50	37	48	16	71	
44	88	65	36	67	98	93	31	79	79	100	97	78	91	59	13	77	53	83	7	13	82	15	86	100	80	23	2	12	35	2	50	5	61	74	87	76	44	80	44	60	81	60	94	97	26	26	71	1	90	
22	12	86	6	73	49	66	24	63	47	5	23	66	45	27	97	53	70	59	25	33	77	6	17	47	94	23	14	56	1	70	41	85	6	69	21	24	25	11	47	23	41	17	1	86	68	20	19	15	73	
85	32	33	4	64	4	44	73	65	65	67	28	2	38	21	23	83	59	36	11	7	99	60	12	50	23	48	10	51	53	67	21	64	95	62	6	91	74	100	27	18	44	2	13	31	73	51	22	70	46	
5	21	85	51	10	44	69	30	16	3	28	38	97	63	68	86	7	25	11	68	69	18	54	91	50	83	45	13	98	18	50	31	40	47	40	46	88	5	93	42	56	40	46	10	91	81	96	5	36	35	
70	31	28	76	19	30	52	56	53	26	36	41	47	100	80	84	13	33	7	69	43	77	6	7	65	98	91	9	91	80	86	47	86	2	62	67	77	55	71	22	2	52	50	59	70	95	35	3	46	86	
12	68	30	7	41	58	30	62	99	7	94	91	73	35	4	75	82	77	99	18	77	36	69	1	49	79	78	73	70	50	59	98	93	86	32	86	83	52	25	55	97	22	64	24	5	72	89	9	19	47	
73	89	100	82	27	38	84	50	9	70	93	65	19	12	46	60	15	6	60	54	6	69	84	74	48	93	33	73	83	76	76	26	82	52	69	55	54	18	99	61	49	54	96	3	26	92	18	23	31	51	
12	31	56	11	100	76	22	97	8	76	21	77	75	76	25	50	86	17	12	91	7	1	74	7	75	60	42	71	72	3	45	44	35	44	88	13	71	60	13	41	64	4	61	96	78	88	94	19	21	31	
70	96	47	38	52	14	81	6	1	93	62	61	35	71	38	83	100	47	50	50	65	49	48	75	67	27	31	31	22	3	48	92	15	72	39	76	95	15	49	42	43	6	93	20	41	59	7	62	27	64	
91	51	90	19	40	79	22	70	34	85	46	60	21	1	29	16	80	94	23	83	98	79	93	60	27	24	84	12	56	64	49	60	66	100	77	7	94	26	54	99	90	14	32	62	55	31	36	93	66	91	
96	31	18	10	53	14	100	91	14	98	55	96	98	95	2	67	23	23	48	45	91	78	33	42	31	84	100	20	7	100	7	96	45	78	22	53	27	16	61	64	22	43	2	7	99	41	27	20	74	68	
57	57	50	68	27	72	33	18	4	29	6	49	55	17	15	69	2	14	10	13	9	73	73	71	31	12	20	50	91	90	22	33	16	89	80	15	18	80	56	37	15	19	87	45	96	98	8	59	95	49	
91	55	68	75	67	40	99	95	33	7	70	97	27	79	100	90	12	56	51	98	91	70	83	72	22	56	7	91	99	44	28	94	3	81	84	61	23	87	16	29	76	84	97	83	72	11	27	96	94	9	
33	32	70	27	3	53	43	36	59	85	68	12	74	26	97	36	35	1	53	18	80	50	76	3	3	64	100	90	44	39	12	91	43	20	68	94	49	63	19	100	84	12	41	38	70	26	1	63	11	36	
34	15	21	33	15	83	5	3	53	30	83	29	29	11	84	57	2	70	67	50	86	59	76	45	48	49	7	22	28	12	96	16	34	51	38	5	11	84	7	33	7	32	97	63	25	73	17	89	57	60	
96	37	86	30	88	17	46	64	49	77	80	64	64	92	87	59	50	41	21	31	47	98	26	44	92	60	96	33	94	91	16	69	79	8	75	78	36	95	38	41	3	15	50	10	83	31	26	41	50	36	
30	91	64	1	41	19	88	74	99	74	15	55	87	65	85	64	5	85	64	40	86	93	82	35	15	66	45	16	3	43	34	79	35	91	59	45	18	25	9	84	31	32	71	58	97	55	85	31	97	74	
3	56	37	54	66	55	65	21	11	51	89	17	38	35	61	93	61	6	95	47	2	86	52	44	72	100	78	89	81	20	51	8	91	25	23	16	95	26	45	64	62	83	66	11	50	90	93	1	6	21	
91	90	65	64	30	25	44	30	5	18	69	19	14	40	8	75	74	69	62	40	62	32	69	88	39	77	22	80	84	68	38	75	59	23	21	33	64	88	14	97	62	21	71	67	6	80	34	50	18	66	
41	81	10	88	7	62	62	33	90	83	52	54	60	24	63	99	87	21	6	46	67	86	55	13	76	7	53	15	61	94	5	78	45	16	33	50	26	49	48	57	24	32	16	23	37	6	64	33	100	21	
74	80	41	89	62	71	91	69	51	79	11	49	42	79	72	34	76	24	91	88	77	83	54	71	95	94	27	18	23	49	11	36	18	95	64	26	78	86	16	10	19	89	91	62	62	6	63	88	49	26	
77	90	9	73	37	75	40	26	29	98	13	7	81	74	33	87	44	25	74	5	55	52	18	60	15	26	16	80	87	63	84	95	25	26	88	49	86	93	61	66	100	88	32	45	25	72	87	55	96	88	
60	95	48	60	25	25	79	41	21	16	95	30	74	13	5	63	80	11	100	93	71	25	99	13	49	54	61	56	16	19	7	38	9	45	14	48	16	61	33	20	79	62	35	4	87	8	63	98	30	48	
16	39	99	83	59	21	11	82	67	32	38	19	81	34	97	84	44	47	27	42	22	55	61	41	42	99	64	37	29	100	33	41	84	64	97	57	10	66	20	74	1	65	40	92	55	46	34	21	71	56	
98	52	97	8	100	71	46	32	74	40	96	30	23	55	96	82	60	23	18	56	2	97	49	64	43	90	22	15	76	84	7	3	31	62	62	24	19	100	79	1	29	72	56	19	99	62	29	95	48	72	
82	12	18	90	76	51	92	95	61	11	18	60	8	49	48	84	81	41	44	40	52	22	54	4	6	14	43	19	84	12	32	15	32	83	21	32	89	88	62	65	72	11	59	2	48	38	54	67	25	1	
23	72	23	20	24	58	74	77	58	84	46	68	8	56	61	18	60	17	2	46	50	64	96	61	93	32	2	87	97	41	97	50	71	66	71	16	91	32	35	40	56	59	60	51	69	99	38	28	25	69	
8	18	98	13	38	4	8	42	4	39	98	87	36	34	99	14	94	1	13	10	59	24	3	96	20	62	7	45	83	38	63	10	58	11	67	23	62	45	4	92	19	2	51	99	37	40	13	65	27	57	
49	10	76	2	76	96	35	85	85	16	26	48	63	60	44	49	97	86	31	91	70	5	26	78	41	55	99	96	72	70	25	83	97	50	6	37	62	25	87	55	99	48	69	37	36	67	67	91	20	55	
97	65	90	70	27	38	96	94	83	50	8	97	93	5	4	50	26	68	73	81	95	72	92	88	59	31	41	98	11	26	73	31	55	90	80	6	6	72	8	46	62	38	99	40	67	87	32	75	40	15	
17	14	31	19	83	8	9	52	56	79	40	54	87	20	78	37	26	20	51	96	35	89	18	94	7	36	27	8	27	1	17	26	85	93	34	64	63	87	63	34	29	54	38	13	67	32	97	95	39	55	
48	47	70	89	86	73	48	59	38	41	28	40	62	99	100	48	71	19	22	5	3	9	23	19	62	93	20	59	96	63	89	41	31	1	50	33	88	55	98	21	95	67	28	65	91	75	95	41	74	30	
87	11	30	80	35	6	12	47	89	57	47	71	21	23	43	16	1	15	70	36	46	19	31	21	27	66	74	95	94	11	57	50	97	6	18	100	49	96	30	71	48	25	25	27	20	40	39	74	41	82	
40	31	68	44	38	51	98	67	87	39	98	92	63	98	10	71	90	73	46	35	86	47	51	31	64	91	68	49	9	36	60	36	74	21	66	21	26	88	48	56	72	1	69	57	55	15	55	30	82	77	
