50
1181
35	96	38	39	46	20	26	17	98	9	100	67	72	98	93	63	87	46	4	42	75	77	11	58	12	39	38	15	9	80	84	14	90	78	92	1	68	26	15	88	43	70	46	88	84	35	52	5	2	97	
59	99	14	28	75	89	5	13	95	66	5	23	24	34	3	87	95	55	70	12	96	100	36	43	95	23	1	15	35	3	76	35	40	61	44	18	98	80	68	93	64	52	68	6	4	60	93	88	58	97	
99	74	15	18	82	57	39	68	35	63	83	95	38	98	55	25	24	77	39	12	51	8	69	88	57	47	45	40	55	90	61	43	57	92	49	13	11	44	40	59	46	82	98	87	6	27	10	84	98	100	
14	15	11	44	10	13	100	38	80	74	55	5	52	27	43	1	74	61	76	5	43	61	45	85	42	52	94	83	15	48	42	7	85	61	39	36	95	76	24	86	92	1	61	31	95	5	88	84	61	69	
28	18	44	15	71	79	70	57	77	40	38	93	92	93	48	52	90	78	82	92	28	72	19	47	4	66	46	51	10	55	41	86	13	85	55	11	53	39	3	61	19	50	83	17	3	59	72	2	24	71	
75	82	10	71	82	95	15	54	25	83	8	33	24	19	39	62	73	59	43	17	90	22	37	95	43	21	90	27	56	12	12	7	84	68	32	10	78	71	67	97	45	96	49	3	29	95	39	1	28	4	
89	57	13	79	95	85	55	40	18	50	89	76	14	65	2	15	71	25	94	22	20	12	96	31	27	72	60	6	33	67	64	90	33	9	25	75	91	11	79	69	15	84	68	94	93	31	45	8	17	47	
5	39	100	70	15	55	13	90	26	92	29	21	83	98	11	20	27	6	38	26	39	77	79	5	40	61	57	34	66	97	88	20	78	57	7	88	95	80	17	5	25	29	65	35	39	87	81	86	56	89	
13	68	38	57	54	40	90	34	61	6	12	89	78	15	18	27	9	95	66	84	79	7	56	64	86	94	43	35	61	63	68	95	38	53	25	26	74	9	41	4	2	30	89	28	96	46	57	27	46	63	
95	35	80	77	25	18	26	61	44	54	32	35	57	12	38	39	17	39	34	78	92	43	2	20	12	75	57	1	17	66	66	49	56	49	77	78	29	4	79	47	44	5	68	40	86	38	47	40	97	7	
66	63	74	40	83	50	92	6	54	27	14	98	96	28	91	89	49	67	86	20	57	72	9	23	86	93	29	44	65	62	3	89	52	86	24	76	21	44	26	87	53	27	62	47	35	21	49	14	24	89	
5	83	55	38	8	89	29	12	32	14	83	52	58	93	37	42	80	99	89	43	60	62	79	16	13	100	11	30	60	77	86	25	79	78	23	58	34	49	34	46	56	26	93	67	39	50	68	91	12	51	
23	95	5	93	33	76	21	89	35	98	52	16	22	90	96	43	17	95	79	43	8	20	74	83	36	32	28	37	50	100	84	78	65	66	80	85	60	56	78	89	33	43	99	10	66	91	1	53	26	3	
24	38	52	92	24	14	83	78	57	96	58	22	30	36	9	81	31	50	58	86	2	29	75	80	34	43	7	83	92	30	25	16	23	50	65	27	8	79	34	55	22	23	93	97	30	71	52	29	99	69	
34	98	27	93	19	65	98	15	12	28	93	90	36	93	36	6	24	16	68	53	27	77	3	14	75	41	87	65	47	96	17	31	24	86	69	100	40	49	43	33	7	36	22	56	64	82	83	1	25	98	
3	55	43	48	39	2	11	18	38	91	37	96	9	36	14	59	55	61	28	19	60	14	82	69	24	35	34	7	19	69	70	78	82	58	74	70	21	57	3	65	9	100	60	16	6	17	82	81	100	81	
87	25	1	52	62	15	20	27	39	89	42	43	81	6	59	98	84	75	6	76	1	65	57	86	72	68	8	72	100	7	75	32	32	54	29	91	40	80	35	53	24	27	2	55	75	19	18	74	35	66	
95	24	74	90	73	71	27	9	17	49	80	17	31	24	55	84	44	60	79	86	54	45	88	88	42	71	45	40	75	61	39	4	95	24	25	93	85	27	35	86	41	58	44	4	87	2	97	88	36	14	
55	77	61	78	59	25	6	95	39	67	99	95	50	16	61	75	60	41	8	17	16	15	84	90	14	87	12	9	100	37	30	57	16	34	99	13	94	58	83	66	84	61	87	55	53	13	82	96	88	84	
70	39	76	82	43	94	38	66	34	86	89	79	58	68	28	6	79	8	61	60	16	23	64	74	38	15	77	39	71	86	16	45	47	14	5	47	22	84	48	97	65	83	99	87	67	95	58	15	75	28	
12	12	5	92	17	22	26	84	78	20	43	43	86	53	19	76	86	17	60	98	31	37	60	10	92	71	6	58	95	19	80	41	19	26	33	7	66	45	2	73	71	41	16	99	66	78	33	78	26	99	
96	51	43	28	90	20	39	79	92	57	60	8	2	27	60	1	54	16	16	31	9	53	43	76	38	85	84	9	22	81	34	85	37	22	50	85	88	9	61	63	62	30	68	55	1	37	97	11	61	16	
100	8	61	72	22	12	77	7	43	72	62	20	29	77	14	65	45	15	23	37	53	42	87	17	15	74	74	35	18	35	64	86	62	95	37	99	7	82	63	8	68	100	61	4	96	2	70	40	69	74	
36	69	45	19	37	96	79	56	2	9	79	74	75	3	82	57	88	84	64	60	43	87	15	97	10	29	79	62	85	79	32	42	89	51	6	60	63	93	36	45	60	28	53	5	46	87	7	88	82	21	
43	88	85	47	95	31	5	64	20	23	16	83	80	14	69	86	88	90	74	10	76	17	97	30	48	99	66	77	31	93	23	74	54	84	68	19	36	15	62	67	11	66	56	15	46	27	11	22	21	78	
95	57	42	4	43	27	40	86	12	86	13	36	34	75	24	72	42	14	38	92	38	15	10	48	92	97	76	42	43	100	7	6	40	36	30	57	20	16	4	2	48	98	79	30	77	82	70	46	5	1	
23	47	52	66	21	72	61	94	75	93	100	32	43	41	35	68	71	87	15	71	85	74	29	99	97	62	22	68	87	25	70	54	95	76	84	6	78	44	6	13	77	80	64	67	45	23	24	53	31	76	
1	45	94	46	90	60	57	43	57	29	11	28	7	87	34	8	45	12	77	6	84	74	79	66	76	22	33	14	46	67	7	50	67	91	18	58	61	56	80	32	3	100	38	3	52	86	31	38	79	80	
15	40	83	51	27	6	34	35	1	44	30	37	83	65	7	72	40	9	39	58	9	35	62	77	42	68	14	34	72	27	51	40	80	26	4	45	76	39	59	50	32	33	41	7	15	34	11	52	29	33	
35	55	15	10	56	33	66	61	17	65	60	50	92	47	19	100	75	100	71	95	22	18	85	31	43	87	46	72	66	6	100	6	64	76	96	8	29	30	2	29	86	88	57	44	18	41	38	36	42	29	
3	90	48	55	12	67	97	63	66	62	77	100	30	96	69	7	61	37	86	19	81	35	79	93	100	25	67	27	6	27	76	70	29	65	8	5	11	99	94	55	89	27	23	63	99	87	81	53	57	63	
76	61	42	41	12	64	88	68	66	3	86	84	25	17	70	75	39	30	16	80	34	64	32	23	7	70	7	51	100	76	9	43	42	34	21	21	42	75	65	32	67	46	79	79	10	32	3	36	13	62	
35	43	7	86	7	90	20	95	49	89	25	78	16	31	78	32	4	57	45	41	85	86	42	74	6	54	50	40	6	70	43	74	94	38	28	71	92	24	47	35	46	2	100	62	56	60	59	21	65	72	
40	57	85	13	84	33	78	38	56	52	79	65	23	24	82	32	95	16	47	19	37	62	89	54	40	95	67	80	64	29	42	94	36	81	35	18	67	20	16	45	98	36	49	47	68	94	73	34	41	29	
61	92	61	85	68	9	57	53	49	86	78	66	50	86	58	54	24	34	14	26	22	95	51	84	36	76	91	26	76	65	34	38	81	96	10	58	69	6	81	36	85	52	42	14	25	71	71	51	97	100	
44	49	39	55	32	25	7	25	77	24	23	80	65	69	74	29	25	99	5	33	50	37	6	68	30	84	18	4	96	8	21	28	35	10	9	69	20	17	42	42	39	11	81	13	19	49	70	98	46	64	
18	13	36	11	10	75	88	26	78	76	58	85	27	100	70	91	93	13	47	7	85	99	60	19	57	6	58	45	8	5	21	71	18	58	69	57	19	97	42	22	74	15	61	84	44	10	44	21	59	14	
98	11	95	53	78	91	95	74	29	21	34	60	8	40	21	40	85	94	22	66	88	7	63	36	20	78	61	76	29	11	42	92	67	69	20	19	35	54	22	64	81	8	85	19	36	22	79	66	3	48	
80	44	76	39	71	11	80	9	4	44	49	56	79	49	57	80	27	58	84	45	9	82	93	15	16	44	56	39	30	99	75	24	20	6	17	97	54	64	72	15	43	99	20	10	47	4	48	97	61	71	
68	40	24	3	67	79	17	41	79	26	34	78	34	43	3	35	35	83	48	2	61	63	36	62	4	6	80	59	2	94	65	47	16	81	42	42	22	72	11	11	39	1	55	7	43	71	12	8	99	90	
93	59	86	61	97	69	5	4	47	87	46	89	55	33	65	53	86	66	97	73	63	8	45	67	2	13	32	50	29	55	32	35	45	36	42	22	64	15	11	63	73	77	61	74	53	1	56	5	67	26	
64	46	92	19	45	15	25	2	44	53	56	33	22	7	9	24	41	84	65	71	62	68	60	11	48	77	3	32	86	89	67	46	98	85	39	74	81	43	39	73	56	83	5	14	25	72	16	71	57	24	
52	82	1	50	96	84	29	30	5	27	26	43	23	36	100	27	58	61	83	41	30	100	28	66	98	80	100	33	88	27	46	2	36	52	11	15	8	99	1	77	83	39	26	43	81	31	76	99	10	82	
68	98	61	83	49	68	65	89	68	62	93	99	93	22	60	2	44	87	99	16	68	61	53	56	79	64	38	41	57	23	79	100	49	42	81	61	85	20	55	61	5	26	14	65	84	23	90	91	48	22	
6	87	31	17	3	94	35	28	40	47	67	10	97	56	16	55	4	55	87	99	55	4	5	15	30	67	3	7	44	63	79	62	47	14	13	84	19	10	7	74	14	43	65	83	52	5	37	39	84	7	
4	6	95	3	29	93	39	96	86	35	39	66	30	64	6	75	87	53	67	66	1	96	46	46	77	45	52	15	18	99	10	56	68	25	19	44	36	47	43	53	25	81	84	52	40	52	53	91	36	24	
60	27	5	59	95	31	87	46	38	21	50	91	71	82	17	19	2	13	95	78	37	2	87	27	82	23	86	34	41	87	32	60	94	71	49	10	22	4	71	1	72	31	23	5	52	82	36	37	8	66	
93	10	88	72	39	45	81	57	47	49	68	1	52	83	82	18	97	82	58	33	97	70	7	11	70	24	31	11	38	81	3	59	73	71	70	44	79	48	12	56	16	76	90	37	53	36	3	10	78	34	
88	84	84	2	1	8	86	27	40	14	91	53	29	1	81	74	88	96	15	78	11	40	88	22	46	53	38	52	36	53	36	21	34	51	98	21	66	97	8	5	71	99	91	39	91	37	10	38	31	3	
58	98	61	24	28	17	56	46	97	24	12	26	99	25	100	35	36	88	75	26	61	69	82	21	5	31	79	29	42	57	13	65	41	97	46	59	3	61	99	67	57	10	48	84	36	8	78	31	80	20	
97	100	69	71	4	47	89	63	7	89	51	3	69	98	81	66	14	84	28	99	16	74	21	78	1	76	80	33	29	63	62	72	29	100	64	14	48	71	90	26	24	82	22	7	24	66	34	3	20	51	
