50
1145
14	31	28	7	5	86	74	38	82	12	51	5	61	12	33	35	48	90	44	80	56	71	87	54	10	20	35	19	14	28	84	3	85	96	53	14	3	79	60	52	54	44	65	39	8	51	71	87	31	72	
74	95	97	33	82	100	28	97	21	93	83	66	59	82	65	99	4	41	50	48	84	100	22	20	21	23	14	48	73	37	94	19	88	58	55	34	29	14	71	72	70	81	60	49	77	17	49	23	97	95	
95	30	22	68	35	88	85	57	22	74	75	26	93	61	70	7	67	11	44	87	16	65	71	63	98	31	10	4	44	17	58	60	80	36	37	60	54	15	22	89	66	21	10	13	66	48	99	34	34	1	
97	22	100	57	39	60	93	96	27	43	52	61	84	29	17	34	90	86	30	64	18	57	3	62	65	44	6	86	29	86	33	18	56	10	82	63	25	29	93	56	98	26	50	90	30	80	4	100	17	67	
33	68	57	79	88	6	16	39	94	87	92	66	60	65	96	44	76	50	30	5	83	25	83	71	81	22	81	100	89	36	50	73	37	6	62	72	67	74	28	73	72	85	37	29	4	11	75	83	53	21	
82	35	39	88	2	13	86	11	12	32	19	46	81	88	96	50	74	87	39	98	85	96	5	10	55	79	67	73	54	32	79	25	95	15	97	54	13	56	63	8	1	92	8	14	12	23	94	93	13	14	
100	88	60	6	13	51	83	1	47	43	60	64	37	90	54	52	27	27	34	25	68	78	13	72	64	76	95	55	71	93	89	94	91	5	31	82	68	60	13	91	48	1	80	27	72	54	67	88	88	1	
28	85	93	16	86	83	97	25	19	76	4	95	85	98	88	39	67	23	61	85	55	65	72	82	81	50	22	7	25	54	87	8	50	34	2	19	11	69	73	36	60	34	90	88	42	5	19	43	86	63	
97	57	96	39	11	1	25	31	29	37	85	44	36	7	23	88	62	59	4	26	13	98	31	17	31	65	48	33	100	12	48	52	68	86	4	41	100	10	89	31	80	11	38	34	5	48	45	7	12	61	
21	22	27	94	12	47	19	29	35	25	23	52	40	29	87	45	97	76	55	48	96	63	23	17	4	53	65	62	7	8	38	15	53	3	29	31	65	60	40	10	76	64	25	72	72	92	39	63	27	13	
93	74	43	87	32	43	76	37	25	47	94	39	82	14	76	37	34	50	40	84	72	22	14	43	39	26	3	30	58	34	11	51	92	64	8	98	21	28	46	19	2	4	71	25	69	60	94	96	86	88	
83	75	52	92	19	60	4	85	23	94	16	80	49	38	85	5	20	87	38	89	76	54	92	57	100	98	5	24	35	54	85	42	91	6	17	22	98	44	64	11	95	89	8	5	36	78	46	71	58	15	
66	26	61	66	46	64	95	44	52	39	80	11	88	94	50	62	17	62	75	32	87	46	60	21	87	31	72	94	91	17	73	38	71	54	70	63	18	28	54	54	35	21	45	39	70	50	34	56	27	74	
59	93	84	60	81	37	85	36	40	82	49	88	51	32	10	33	20	99	15	30	63	9	28	98	7	42	92	54	46	17	100	16	25	36	89	19	52	25	26	31	80	19	47	83	51	21	88	25	15	10	
82	61	29	65	88	90	98	7	29	14	38	94	32	34	63	55	88	29	51	19	16	66	58	67	34	43	72	42	4	100	42	56	46	55	51	92	17	14	63	44	30	14	54	33	11	4	16	88	95	89	
65	70	17	96	96	54	88	23	87	76	85	50	10	63	78	27	65	75	72	15	72	82	6	20	30	58	32	21	96	50	5	89	41	72	24	6	58	64	36	77	55	77	51	41	99	44	17	13	100	24	
99	7	34	44	50	52	39	88	45	37	5	62	33	55	27	88	68	72	88	34	60	10	18	66	62	20	98	81	25	18	50	69	16	5	74	2	80	50	70	46	12	47	13	28	32	6	15	22	48	62	
4	67	90	76	74	27	67	62	97	34	20	17	20	88	65	68	37	58	68	92	87	64	7	28	2	46	34	26	68	78	57	85	39	85	43	77	10	29	23	98	21	3	83	20	84	78	45	29	15	75	
41	11	86	50	87	27	23	59	76	50	87	62	99	29	75	72	58	42	60	54	40	5	99	70	12	12	30	13	1	24	82	45	2	91	60	16	28	68	89	40	8	33	37	83	41	25	83	90	12	93	
50	44	30	30	39	34	61	4	55	40	38	75	15	51	72	88	68	60	32	5	85	27	13	97	18	34	79	40	31	94	83	7	97	23	61	78	72	87	99	19	45	86	24	64	44	49	38	88	70	51	
48	87	64	5	98	25	85	26	48	84	89	32	30	19	15	34	92	54	5	86	34	16	43	20	63	46	68	18	54	47	28	44	85	47	9	58	76	52	23	19	98	89	55	59	13	61	92	36	96	21	
84	16	18	83	85	68	55	13	96	72	76	87	63	16	72	60	87	40	85	34	88	63	65	70	100	54	34	43	41	78	45	22	66	43	10	59	82	4	45	90	11	37	72	59	34	51	58	79	2	52	
100	65	57	25	96	78	65	98	63	22	54	46	9	66	82	10	64	5	27	16	63	41	50	19	68	28	75	23	4	28	53	23	34	92	51	29	57	90	89	16	1	93	73	27	76	75	77	69	52	58	
22	71	3	83	5	13	72	31	23	14	92	60	28	58	6	18	7	99	13	43	65	50	2	21	47	93	59	74	97	39	20	9	72	20	66	12	33	44	21	93	85	78	33	58	78	59	68	40	59	52	
20	63	62	71	10	72	82	17	17	43	57	21	98	67	20	66	28	70	97	20	70	19	21	98	7	84	69	83	16	9	63	60	1	42	24	59	16	86	56	49	43	81	30	15	20	3	70	56	94	61	
21	98	65	81	55	64	81	31	4	39	100	87	7	34	30	62	2	12	18	63	100	68	47	7	97	90	40	1	1	26	15	42	18	93	16	20	70	1	86	25	63	17	49	3	81	57	9	53	83	52	
23	31	44	22	79	76	50	65	53	26	98	31	42	43	58	20	46	12	34	46	54	28	93	84	90	15	90	21	25	90	8	36	59	96	95	26	22	39	86	54	2	45	39	62	5	64	22	64	30	38	
14	10	6	81	67	95	22	48	65	3	5	72	92	72	32	98	34	30	79	68	34	75	59	69	40	90	15	83	42	49	70	97	40	97	2	69	18	44	45	25	31	62	98	88	11	56	31	29	35	94	
48	4	86	100	73	55	7	33	62	30	24	94	54	42	21	81	26	13	40	18	43	23	74	83	1	21	83	55	14	31	87	58	5	33	85	29	33	69	67	53	10	31	21	86	3	55	93	96	14	95	
73	44	29	89	54	71	25	100	7	58	35	91	46	4	96	25	68	1	31	54	41	4	97	16	1	25	42	14	58	71	82	60	68	56	83	46	78	15	65	34	44	16	56	41	23	44	40	4	87	84	
37	17	86	36	32	93	54	12	8	34	54	17	17	100	50	18	78	24	94	47	78	28	39	9	26	90	49	31	71	93	74	65	38	55	72	82	25	35	35	94	26	99	75	18	26	96	70	15	57	6	
94	58	33	50	79	89	87	48	38	11	85	73	100	42	5	50	57	82	83	28	45	53	20	63	15	8	70	87	82	74	61	43	70	76	39	63	3	19	88	81	80	25	59	67	28	78	67	38	13	53	
19	60	18	73	25	94	8	52	15	51	42	38	16	56	89	69	85	45	7	44	22	23	9	60	42	36	97	58	60	65	43	56	30	87	65	78	12	47	62	17	62	21	12	80	79	56	18	12	64	57	
88	80	56	37	95	91	50	68	53	92	91	71	25	46	41	16	39	2	97	85	66	34	72	1	18	59	40	5	68	38	70	30	93	95	36	11	6	75	56	100	60	1	8	39	34	11	74	55	76	74	
58	36	10	6	15	5	34	86	3	64	6	54	36	55	72	5	85	91	23	47	43	92	20	42	93	96	97	33	56	55	76	87	95	94	19	51	91	43	16	25	15	98	60	36	77	88	38	23	33	66	
55	37	82	62	97	31	2	4	29	8	17	70	89	51	24	74	43	60	61	9	10	51	66	24	16	95	2	85	83	72	39	65	36	19	57	86	91	34	30	23	3	69	21	42	44	42	80	15	23	83	
34	60	63	72	54	82	19	41	31	98	22	63	19	92	6	2	77	16	78	58	59	29	12	59	20	26	69	29	46	82	63	78	11	51	86	69	91	68	1	8	90	56	76	66	93	27	41	94	86	74	
29	54	25	67	13	68	11	100	65	21	98	18	52	17	58	80	10	28	72	76	82	57	33	16	70	22	18	33	78	25	3	12	6	91	91	91	7	60	14	47	67	86	3	91	48	11	93	12	90	70	
14	15	29	74	56	60	69	10	60	28	44	28	25	14	64	50	29	68	87	52	4	90	44	86	1	39	44	69	15	35	19	47	75	43	34	68	60	39	68	39	42	18	96	81	37	19	91	37	96	91	
71	22	93	28	63	13	73	89	40	46	64	54	26	63	36	70	23	89	99	23	45	89	21	56	86	86	45	67	65	35	88	62	56	16	30	1	14	68	70	94	78	75	35	79	4	25	36	92	5	99	
72	89	56	73	8	91	36	31	10	19	11	54	31	44	77	46	98	40	19	19	90	16	93	49	25	54	25	53	34	94	81	17	100	25	23	8	47	39	94	21	76	53	71	11	12	57	35	88	45	42	
70	66	98	72	1	48	60	80	76	2	95	35	80	30	55	12	21	8	45	98	11	1	85	43	63	2	31	10	44	26	80	62	60	15	3	90	67	42	78	76	82	11	33	72	84	89	63	88	8	25	
81	21	26	85	92	1	34	11	64	4	89	21	19	14	77	47	3	33	86	89	37	93	78	81	17	45	62	31	16	99	25	21	1	98	69	56	86	18	75	53	11	42	98	46	25	5	60	88	35	43	
60	10	50	37	8	80	90	38	25	71	8	45	47	54	51	13	83	37	24	55	72	73	33	30	49	39	98	21	56	75	59	12	8	60	21	76	3	96	35	71	33	98	33	44	3	21	31	97	95	67	
49	13	90	29	14	27	88	34	72	25	5	39	83	33	41	28	20	83	64	59	59	27	58	15	3	62	88	86	41	18	67	80	39	36	42	66	91	81	79	11	72	46	44	73	31	64	34	100	5	25	
77	66	30	4	12	72	42	5	72	69	36	70	51	11	99	32	84	41	44	13	34	76	78	20	81	5	11	3	23	26	28	79	34	77	44	93	48	37	4	12	84	25	3	31	4	25	29	2	19	7	
17	48	80	11	23	54	5	48	92	60	78	50	21	4	44	6	78	25	49	61	51	75	59	3	57	64	56	55	44	96	78	56	11	88	42	27	11	19	25	57	89	5	21	64	25	86	31	20	73	57	
49	99	4	75	94	67	19	45	39	94	46	34	88	16	17	15	45	83	38	92	58	77	68	70	9	22	31	93	40	70	67	18	74	38	80	41	93	91	36	35	63	60	31	34	29	31	80	15	20	75	
23	34	100	83	93	88	43	7	63	96	71	56	25	88	13	22	29	90	88	36	79	69	40	56	53	64	29	96	4	15	38	12	55	23	15	94	12	37	92	88	88	88	97	100	2	20	15	77	57	13	
97	34	17	53	13	88	86	12	27	86	58	27	15	95	100	48	15	12	70	96	2	52	59	94	83	30	35	14	87	57	13	64	76	33	23	86	90	96	5	45	8	35	95	5	19	73	20	57	74	20	
95	1	67	21	14	1	63	61	13	88	15	74	10	89	24	62	75	93	51	21	52	58	52	61	52	38	94	95	84	6	53	57	74	66	83	74	70	91	99	42	25	43	67	25	7	57	75	13	20	13	
