50
1101
81	3	8	2	73	50	42	47	72	15	44	37	93	6	30	61	6	86	89	1	13	56	46	84	73	2	62	92	81	28	63	30	26	63	90	64	52	63	84	68	48	48	2	2	92	48	11	18	85	28	
77	86	61	58	61	15	39	39	11	84	14	34	93	83	96	31	18	23	49	78	36	23	31	63	48	88	24	10	95	11	29	49	39	16	54	96	19	68	18	14	6	95	92	65	64	59	97	31	99	44	
86	31	19	71	19	64	40	86	84	30	77	59	63	58	78	97	19	22	29	52	12	35	39	39	27	82	65	27	84	39	73	53	60	3	51	77	15	22	26	15	84	57	23	93	42	84	4	100	81	30	
61	19	62	69	55	8	2	89	4	24	100	15	70	62	9	32	15	17	53	37	85	5	33	22	41	7	65	89	58	23	92	1	94	17	77	15	45	55	55	2	79	86	37	85	6	67	51	32	34	42	
58	71	69	24	74	58	90	100	70	91	94	55	53	81	24	68	26	51	89	56	84	42	14	85	7	68	77	26	11	100	23	75	63	54	86	4	31	3	89	80	38	48	82	14	16	98	35	46	60	21	
61	19	55	74	60	23	32	69	76	26	70	28	59	47	27	15	11	77	62	25	55	90	48	7	66	37	53	62	30	64	33	60	96	27	85	25	26	9	50	20	70	50	78	21	4	46	91	31	66	52	
15	64	8	58	23	45	18	83	34	29	49	78	26	77	50	42	49	51	8	72	38	47	79	72	35	57	67	15	53	26	24	50	18	2	21	91	12	52	50	47	78	84	6	48	72	24	44	65	92	33	
39	40	2	90	32	18	2	82	22	100	89	98	3	29	3	35	82	93	88	83	24	73	11	27	83	55	96	48	54	13	84	95	93	87	1	80	50	70	89	14	77	90	94	23	14	53	27	41	65	100	
39	86	89	100	69	83	82	28	16	19	41	96	95	93	80	84	35	37	44	9	90	7	74	97	67	38	37	38	16	66	99	53	20	76	86	81	56	61	55	51	100	57	89	95	64	19	99	27	82	75	
11	84	4	70	76	34	22	16	27	11	58	17	95	54	30	40	96	91	34	77	75	32	4	92	91	87	16	11	76	62	61	39	60	58	10	47	82	68	48	40	27	91	45	47	83	13	5	60	5	78	
84	30	24	91	26	29	100	19	11	60	23	81	68	17	45	50	3	87	68	2	73	69	84	33	51	6	100	65	41	60	80	66	52	85	34	5	82	31	6	67	95	6	39	33	77	45	33	10	87	99	
14	77	100	94	70	49	89	41	58	23	23	93	83	21	63	49	13	100	3	91	75	36	65	50	86	31	48	85	45	80	94	1	24	1	47	86	44	2	23	31	13	13	51	9	43	56	12	78	15	72	
34	59	15	55	28	78	98	96	17	81	93	8	100	37	77	98	9	19	48	41	14	65	94	29	88	79	43	58	22	23	2	68	20	8	39	35	33	71	41	76	82	45	8	32	9	45	81	45	95	57	
93	63	70	53	59	26	3	95	95	68	83	100	97	99	19	45	8	92	80	18	1	99	38	10	33	70	14	26	64	48	53	57	56	46	53	8	42	52	32	43	73	23	74	48	75	68	36	36	49	32	
83	58	62	81	47	77	29	93	54	17	21	37	99	19	4	52	94	85	91	48	40	30	76	70	24	80	49	56	19	8	75	83	55	53	84	14	88	27	58	50	44	7	10	50	36	64	12	37	96	49	
96	78	9	24	27	50	3	80	30	45	63	77	19	4	46	85	68	48	23	66	80	13	38	37	97	64	87	51	45	88	40	6	16	79	93	4	98	92	14	33	19	80	11	1	1	44	23	13	43	58	
31	97	32	68	15	42	35	84	40	50	49	98	45	52	85	54	25	43	85	76	41	67	94	73	35	20	10	6	60	38	18	31	15	25	96	56	23	55	40	3	22	4	92	4	73	92	46	68	76	1	
18	19	15	26	11	49	82	35	96	3	13	9	8	94	68	25	5	27	46	92	81	37	22	72	52	25	78	95	94	45	14	46	34	95	71	57	52	79	4	14	66	62	87	33	88	86	80	15	27	42	
23	22	17	51	77	51	93	37	91	87	100	19	92	85	48	43	27	34	74	25	10	9	65	84	100	99	41	92	31	25	100	57	72	70	47	49	15	94	42	46	100	59	45	39	73	40	61	80	48	27	
49	29	53	89	62	8	88	44	34	68	3	48	80	91	23	85	46	74	47	81	45	26	74	19	16	42	74	18	89	53	54	49	70	93	92	95	6	79	64	63	2	88	96	36	55	67	26	74	52	25	
78	52	37	56	25	72	83	9	77	2	91	41	18	48	66	76	92	25	81	35	50	27	81	51	54	67	63	69	1	34	68	1	72	49	9	91	16	34	79	39	98	49	46	11	10	5	29	32	80	54	
36	12	85	84	55	38	24	90	75	73	75	14	1	40	80	41	81	10	45	50	34	48	2	80	52	25	93	92	78	60	55	96	7	21	24	14	15	83	33	24	82	93	50	9	46	34	38	17	1	92	
23	35	5	42	90	47	73	7	32	69	36	65	99	30	13	67	37	9	26	27	48	27	11	7	97	41	86	4	28	75	93	100	55	72	26	82	60	23	82	69	15	85	91	82	11	85	49	14	49	13	
31	39	33	14	48	79	11	74	4	84	65	94	38	76	38	94	22	65	74	81	2	11	76	72	28	46	16	4	84	57	23	80	92	43	4	71	48	26	21	27	78	7	38	5	89	15	64	86	89	58	
63	39	22	85	7	72	27	97	92	33	50	29	10	70	37	73	72	84	19	51	80	7	72	97	71	2	91	85	60	21	49	70	8	39	92	8	18	74	60	35	86	13	88	49	15	39	39	96	79	36	
48	27	41	7	66	35	83	67	91	51	86	88	33	24	97	35	52	100	16	54	52	97	28	71	10	37	53	19	42	43	60	73	33	98	83	41	62	44	5	76	77	47	34	60	51	32	79	93	68	98	
88	82	7	68	37	57	55	38	87	6	31	79	70	80	64	20	25	99	42	67	25	41	46	2	37	55	35	40	19	50	67	52	8	37	13	2	32	70	13	41	30	87	11	80	68	46	15	12	19	79	
24	65	65	77	53	67	96	37	16	100	48	43	14	49	87	10	78	41	74	63	93	86	16	91	53	35	53	59	38	32	6	46	29	33	43	54	47	52	34	21	89	7	14	66	78	62	47	93	28	57	
10	27	89	26	62	15	48	38	11	65	85	58	26	56	51	6	95	92	18	69	92	4	4	85	19	40	59	52	24	4	37	34	30	92	92	50	16	23	30	70	79	11	56	31	28	5	47	97	36	87	
95	84	58	11	30	53	54	16	76	41	45	22	64	19	45	60	94	31	89	1	78	28	84	60	42	19	38	24	17	11	22	57	86	63	21	93	32	50	41	37	82	88	52	9	15	48	16	51	8	93	
11	39	23	100	64	26	13	66	62	60	80	23	48	8	88	38	45	25	53	34	60	75	57	21	43	50	32	4	11	32	52	27	56	22	18	81	26	97	88	61	73	79	97	22	34	11	58	90	6	44	
29	73	92	23	33	24	84	99	61	80	94	2	53	75	40	18	14	100	54	68	55	93	23	49	60	67	6	37	22	52	10	42	93	67	9	80	42	60	5	42	23	79	58	82	16	84	74	91	93	49	
49	53	1	75	60	50	95	53	39	66	1	68	57	83	6	31	46	57	49	1	96	100	80	70	73	52	46	34	57	27	42	79	40	70	8	16	96	63	50	72	34	11	99	71	48	80	90	38	78	100	
39	60	94	63	96	18	93	20	60	52	24	20	56	55	16	15	34	72	70	72	7	55	92	8	33	8	29	30	86	56	93	40	81	92	63	2	100	49	7	66	92	32	38	15	1	100	17	28	41	25	
16	3	17	54	27	2	87	76	58	85	1	8	46	53	79	25	95	70	93	49	21	72	43	39	98	37	33	92	63	22	67	70	92	60	44	69	65	72	47	63	52	4	57	18	69	86	100	81	13	62	
54	51	77	86	85	21	1	86	10	34	47	39	53	84	93	96	71	47	92	9	24	26	4	92	83	13	43	92	21	18	9	8	63	44	73	100	44	88	1	65	72	46	89	81	21	27	51	31	34	16	
96	77	15	4	25	91	80	81	47	5	86	35	8	14	4	56	57	49	95	91	14	82	71	8	41	2	54	50	93	81	80	16	2	69	100	29	51	66	92	12	30	61	81	66	69	79	70	46	66	26	
19	15	45	31	26	12	50	56	82	82	44	33	42	88	98	23	52	15	6	16	15	60	48	18	62	32	47	16	32	26	42	96	100	65	44	51	8	48	59	15	15	8	75	31	77	76	28	80	43	52	
68	22	55	3	9	52	70	61	68	31	2	71	52	27	92	55	79	94	79	34	83	23	26	74	44	70	52	23	50	97	60	63	49	72	88	66	48	40	76	77	74	20	87	49	90	65	88	5	52	28	
18	26	55	89	50	50	89	55	48	6	23	41	32	58	14	40	4	42	64	79	33	82	21	60	5	13	34	30	41	88	5	50	7	47	1	92	59	76	10	77	51	16	58	36	69	91	4	5	50	16	
14	15	2	80	20	47	14	51	40	67	31	76	43	50	33	3	14	46	63	39	24	69	27	35	76	41	21	70	37	61	42	72	66	63	65	12	15	77	77	13	10	86	42	63	54	29	86	2	46	42	
6	84	79	38	70	78	77	100	27	95	13	82	73	44	19	22	66	100	2	98	82	15	78	86	77	30	89	79	82	73	23	34	92	52	72	30	15	74	51	10	74	20	44	5	12	87	36	23	57	58	
95	57	86	48	50	84	90	57	91	6	13	45	23	7	80	4	62	59	88	49	93	85	7	13	47	87	7	11	88	79	79	11	32	4	46	61	8	20	16	86	20	44	88	98	51	95	18	36	66	27	
92	23	37	82	78	6	94	89	45	39	51	8	74	10	11	92	87	45	96	46	50	91	38	88	34	11	14	56	52	97	58	99	38	57	89	81	75	87	58	42	44	88	56	44	12	43	8	12	41	34	
65	93	85	14	21	48	23	95	47	33	9	32	48	50	1	4	33	39	36	11	9	82	5	49	60	80	66	31	9	22	82	71	15	18	81	66	31	49	36	63	5	98	44	12	62	71	71	54	26	55	
64	42	6	16	4	72	14	64	83	77	43	9	75	36	1	73	88	73	55	10	46	11	89	15	51	68	78	28	15	34	16	48	1	69	21	69	77	90	69	54	12	51	12	62	36	83	7	21	45	60	
59	84	67	98	46	24	53	19	13	45	56	45	68	64	44	92	86	40	67	5	34	85	15	39	32	46	62	5	48	11	84	80	100	86	27	79	76	65	91	29	87	95	43	71	83	42	75	42	25	56	
97	4	51	35	91	44	27	99	5	33	12	81	36	12	23	46	80	61	26	29	38	49	64	39	79	15	47	47	16	58	74	90	17	100	51	70	28	88	4	86	36	18	8	71	7	75	90	80	44	49	
31	100	32	46	31	65	41	27	60	10	78	45	36	37	13	68	15	80	74	32	17	14	86	96	93	12	93	97	51	90	91	38	28	81	31	46	80	5	5	2	23	36	12	54	21	42	80	74	70	34	
99	81	34	60	66	92	65	82	5	87	15	95	49	96	43	76	27	48	52	80	1	49	89	79	68	19	28	36	8	6	93	78	41	13	34	66	43	52	50	46	57	66	41	26	45	25	44	70	67	84	
44	30	42	21	52	33	100	75	78	99	72	57	32	49	58	1	42	27	25	54	92	13	58	36	98	79	57	87	93	44	49	100	25	62	16	26	52	28	16	42	58	27	34	55	60	56	49	34	84	8	
