50
1408
22	36	98	28	22	70	95	24	98	30	4	49	97	71	43	16	71	20	71	37	65	88	78	33	65	24	17	10	25	75	32	84	51	54	16	58	1	45	17	47	42	17	39	20	17	83	66	80	78	92	
38	47	11	40	91	38	43	70	69	59	28	95	18	21	75	3	78	84	57	88	95	44	7	28	83	3	33	54	76	28	12	28	53	76	22	98	78	67	71	14	27	57	93	54	46	86	60	5	56	91	
47	7	35	5	73	58	38	4	56	31	23	87	24	15	38	9	60	34	13	43	7	43	5	97	21	60	47	13	3	62	57	33	76	89	96	17	98	88	46	9	84	75	3	68	99	18	52	92	51	31	
11	35	70	9	66	23	46	63	15	72	1	9	85	48	15	82	22	30	36	90	36	5	100	77	60	81	76	34	19	43	24	51	90	22	80	79	96	62	23	78	86	48	45	21	90	65	42	45	62	81	
40	5	9	36	53	20	80	100	76	47	100	44	67	97	50	18	13	71	67	4	86	50	55	23	29	89	89	92	93	74	60	90	35	21	92	1	42	83	48	82	11	58	11	66	66	40	34	74	66	65	
91	73	66	53	14	64	78	32	88	44	9	86	95	28	96	81	60	25	34	52	59	91	31	3	17	74	38	23	55	87	43	50	78	9	64	34	93	14	29	42	25	16	16	13	9	43	54	19	81	93	
38	58	23	20	64	22	15	17	73	89	82	1	29	12	12	97	10	12	3	36	39	61	87	39	75	71	40	81	92	47	53	55	9	66	23	11	13	12	42	56	82	93	55	39	88	95	65	15	71	29	
43	38	46	80	78	15	96	62	42	7	54	93	12	25	49	81	70	40	11	67	59	28	54	76	51	57	2	63	93	54	10	47	64	46	13	88	19	45	100	25	4	45	25	50	34	42	10	21	2	50	
70	4	63	100	32	17	62	48	10	19	27	64	73	26	62	96	17	78	28	59	53	88	81	2	16	92	98	100	30	45	1	50	70	17	40	6	80	89	5	40	35	74	40	93	94	3	98	1	98	36	
69	56	15	76	88	73	42	10	55	81	93	99	67	50	82	54	3	48	65	46	99	20	5	20	37	79	77	76	85	75	39	12	27	6	26	16	21	31	6	42	94	50	70	2	28	87	74	14	83	76	
59	31	72	47	44	89	7	19	81	69	32	32	53	63	6	75	92	37	73	47	11	36	95	79	73	87	47	71	93	49	40	15	22	28	78	96	14	79	24	55	88	9	87	94	40	46	70	100	43	86	
28	23	1	100	9	82	54	27	93	32	20	51	22	95	13	32	100	25	28	26	22	35	43	88	68	34	96	38	68	11	92	68	31	99	69	54	77	55	61	85	13	75	71	15	86	63	35	18	38	100	
95	87	9	44	86	1	93	64	99	32	51	83	77	67	87	21	51	2	57	23	95	28	66	79	42	13	26	53	78	76	74	83	67	86	18	78	66	89	48	48	92	77	26	71	34	79	93	60	2	59	
18	24	85	67	95	29	12	73	67	53	22	77	97	95	84	61	10	2	75	42	16	51	13	31	95	47	53	86	66	8	10	60	16	10	17	63	50	95	86	50	75	32	66	13	43	84	21	43	58	81	
21	15	48	97	28	12	25	26	50	63	95	67	95	79	30	56	50	61	16	72	75	42	93	11	79	31	54	2	77	78	13	86	16	9	17	53	50	53	70	78	44	91	67	31	56	24	56	22	68	78	
75	38	15	50	96	12	49	62	82	6	13	87	84	30	51	83	3	67	95	1	93	72	91	51	69	96	62	64	2	67	58	100	92	59	45	88	90	68	36	18	7	69	75	100	92	76	53	8	15	70	
3	9	82	18	81	97	81	96	54	75	32	21	61	56	83	95	89	86	54	100	71	49	64	49	47	41	23	91	94	97	33	52	62	37	31	35	26	7	43	36	3	14	44	15	35	61	49	87	30	19	
78	60	22	13	60	10	70	17	3	92	100	51	10	50	3	89	51	43	92	67	97	66	16	68	56	13	81	68	44	47	8	57	81	11	44	87	3	40	43	74	18	43	51	55	68	80	28	62	85	84	
84	34	30	71	25	12	40	78	48	37	25	2	2	61	67	86	43	99	73	48	40	98	83	19	73	8	54	69	13	24	100	88	42	54	57	69	96	64	89	19	35	52	50	95	77	22	80	95	21	62	
57	13	36	67	34	3	11	28	65	73	28	57	75	16	95	54	92	73	60	2	65	40	74	91	60	84	26	63	4	95	79	41	45	12	79	4	22	48	62	79	58	10	84	93	76	75	3	11	35	1	
88	43	90	4	52	36	67	59	46	47	26	23	42	72	1	100	67	48	2	70	26	64	15	51	92	4	5	81	54	38	76	33	59	51	87	93	16	2	27	3	23	11	23	77	6	33	71	96	56	68	
95	7	36	86	59	39	59	53	99	11	22	95	16	75	93	71	97	40	65	26	13	95	74	63	11	50	8	90	13	17	57	83	47	88	81	94	10	53	61	52	27	8	98	10	96	36	97	37	45	10	
44	43	5	50	91	61	28	88	20	36	35	28	51	42	72	49	66	98	40	64	95	66	50	95	14	45	47	43	84	53	1	67	87	46	35	73	47	6	74	19	49	85	67	33	37	93	20	69	38	89	
7	5	100	55	31	87	54	81	5	95	43	66	13	93	91	64	16	83	74	15	74	50	36	92	52	7	19	26	39	35	72	40	1	14	84	65	22	37	18	55	22	74	55	34	100	78	84	52	37	65	
28	97	77	23	3	39	76	2	20	79	88	79	31	11	51	49	68	19	91	51	63	95	92	65	30	92	59	59	53	13	44	94	1	8	10	56	2	97	7	15	98	25	46	4	47	96	84	48	84	20	
83	21	60	29	17	75	51	16	37	73	68	42	95	79	69	47	56	73	60	92	11	14	52	30	8	16	78	28	10	94	13	24	61	13	18	93	1	39	88	27	96	42	38	51	5	14	6	60	57	30	
3	60	81	89	74	71	57	92	79	87	34	13	47	31	96	41	13	8	84	4	50	45	7	92	16	49	84	71	80	57	34	72	61	39	57	34	52	71	88	64	84	44	2	5	78	34	4	81	98	7	
33	47	76	89	38	40	2	98	77	47	96	26	53	54	62	23	81	54	26	5	8	47	19	59	78	84	74	64	59	13	60	3	64	36	36	5	12	89	64	9	52	9	76	74	96	49	38	42	88	7	
54	13	34	92	23	81	63	100	76	71	38	53	86	2	64	91	68	69	63	81	90	43	26	59	28	71	64	45	11	84	85	21	2	80	93	32	60	60	37	79	52	29	27	14	72	8	12	33	73	20	
76	3	19	93	55	92	93	30	85	93	68	78	66	77	2	94	44	13	4	54	13	84	39	53	10	80	59	11	44	70	17	64	40	81	6	2	25	51	43	6	37	12	27	90	6	51	95	74	85	69	
28	62	43	74	87	47	54	45	75	49	11	76	8	78	67	97	47	24	95	38	17	53	35	13	94	57	13	84	70	21	33	47	44	79	49	29	52	36	64	81	70	33	26	91	47	52	74	62	15	55	
12	57	24	60	43	53	10	1	39	40	92	74	10	13	58	33	8	100	79	76	57	1	72	44	13	34	60	85	17	33	11	85	37	11	22	58	100	84	77	8	94	56	19	71	62	2	3	48	80	2	
28	33	51	90	50	55	47	50	12	15	68	83	60	86	100	52	57	88	41	33	83	67	40	94	24	72	3	21	64	47	85	80	83	75	31	34	58	77	75	64	93	88	27	45	98	1	78	93	2	95	
53	76	90	35	78	9	64	70	27	22	31	67	16	16	92	62	81	42	45	59	47	87	1	1	61	61	64	2	40	44	37	83	76	98	91	13	93	67	10	38	83	34	58	47	63	51	32	71	7	95	
76	89	22	21	9	66	46	17	6	28	99	86	10	9	59	37	11	54	12	51	88	46	14	8	13	39	36	80	81	79	11	75	98	27	83	66	84	9	92	20	2	27	83	99	5	34	76	52	30	78	
22	96	80	92	64	23	13	40	26	78	69	18	17	17	45	31	44	57	79	87	81	35	84	10	18	57	36	93	6	49	22	31	91	83	26	34	4	55	21	12	50	38	26	23	73	95	86	50	42	52	
98	17	79	1	34	11	88	6	16	96	54	78	63	53	88	35	87	69	4	93	94	73	65	56	93	34	5	32	2	29	58	34	13	66	34	29	93	23	16	4	36	99	65	39	63	43	38	94	7	15	
78	98	96	42	93	13	19	80	21	14	77	66	50	50	90	26	3	96	22	16	10	47	22	2	1	52	12	60	25	52	100	58	93	84	4	93	29	99	97	61	83	1	17	31	61	75	94	34	79	64	
67	88	62	83	14	12	45	89	31	79	55	89	95	53	68	7	40	64	48	2	53	6	37	97	39	71	89	60	51	36	84	77	67	9	55	23	99	29	43	6	25	82	67	16	93	69	96	52	9	4	
71	46	23	48	29	42	100	5	6	24	61	48	86	70	36	43	43	89	62	27	61	74	18	7	88	88	64	37	43	64	77	75	10	92	21	16	97	43	32	97	39	91	82	87	52	75	43	75	93	4	
14	9	78	82	42	56	25	40	42	55	85	48	50	78	18	36	74	19	79	3	52	19	55	15	27	64	9	79	6	81	8	64	38	20	12	4	61	6	97	97	95	36	26	42	33	26	68	58	86	29	
27	84	86	11	25	82	4	35	94	88	13	92	75	44	7	3	18	35	58	23	27	49	22	98	96	84	52	52	37	70	94	93	83	2	50	36	83	25	39	95	70	20	44	38	58	96	26	4	9	89	
57	75	48	58	16	93	45	74	50	9	75	77	32	91	69	14	43	52	10	11	8	85	74	25	42	44	9	29	12	33	56	88	34	27	38	99	1	82	91	36	20	4	21	4	70	41	65	24	6	57	
93	3	45	11	16	55	25	40	70	87	71	26	66	67	75	44	51	50	84	23	98	67	55	46	38	2	76	27	27	26	19	27	58	83	26	65	17	67	82	26	44	21	12	100	92	79	2	81	3	59	
54	68	21	66	13	39	50	93	2	94	15	71	13	31	100	15	55	95	93	77	10	33	34	4	51	5	74	14	90	91	71	45	47	99	23	39	31	16	87	42	38	4	100	52	54	95	25	41	27	72	
46	99	90	66	9	88	34	94	28	40	86	34	43	56	92	35	68	77	76	6	96	37	100	47	5	78	96	72	6	47	62	98	63	5	73	63	61	93	52	33	58	70	92	54	74	25	85	80	90	16	
86	18	65	40	43	95	42	3	87	46	63	79	84	24	76	61	80	22	75	33	36	93	78	96	14	34	49	8	51	52	2	1	51	34	95	43	75	69	75	26	96	41	79	95	25	81	39	83	88	30	
60	52	42	34	54	65	10	98	74	70	35	93	21	56	53	49	28	80	3	71	97	20	84	84	6	4	38	12	95	74	3	78	32	76	86	38	94	96	43	68	26	65	2	25	85	39	47	55	18	69	
5	92	45	74	19	15	21	1	14	100	18	60	43	22	8	87	62	95	11	96	37	69	52	48	60	81	42	33	74	62	48	93	71	52	50	94	34	52	75	58	4	24	81	41	80	83	55	28	2	62	
56	51	62	66	81	71	2	98	83	43	38	2	58	68	15	30	85	21	35	56	45	38	37	84	57	98	88	73	85	15	80	2	7	30	42	7	79	9	93	86	9	6	3	27	90	88	18	2	63	14	
91	31	81	65	93	29	50	36	76	86	100	59	81	78	70	19	84	62	1	68	10	89	65	20	30	7	7	20	69	55	2	95	95	78	52	15	64	4	4	29	89	57	59	72	16	30	69	62	14	24	
