100
2653
98	8	89	58	95	34	34	83	10	80	60	7	50	16	56	68	22	89	6	20	78	36	26	88	86	24	63	6	16	90	90	72	93	25	39	71	29	79	46	98	14	57	43	58	45	27	85	51	99	12	98	9	48	19	71	3	25	75	7	37	70	84	32	30	50	93	70	12	81	100	11	85	12	53	46	21	52	24	30	60	78	93	68	33	37	3	21	67	35	37	2	8	18	62	37	68	19	47	27	41	
81	50	52	13	56	7	42	36	79	87	19	27	50	51	18	12	19	23	100	11	24	61	36	6	17	27	51	52	45	60	18	87	98	56	59	52	9	65	82	72	1	39	69	97	44	7	39	72	91	100	26	63	72	68	85	63	43	35	39	17	1	65	59	43	71	13	75	33	47	71	18	16	38	31	19	16	27	28	74	87	88	65	48	64	79	26	33	2	93	6	41	48	39	12	50	16	37	68	86	85	
50	84	49	28	69	100	80	38	93	24	14	75	10	45	48	59	41	5	97	63	40	32	71	29	98	36	19	42	11	40	53	16	40	88	92	6	46	43	34	7	40	75	7	74	9	5	38	65	87	81	72	46	56	92	86	28	87	75	47	12	48	32	94	39	81	44	68	71	43	41	20	88	46	33	83	56	74	78	84	18	48	34	22	24	96	76	34	86	87	20	43	45	45	76	65	36	85	46	71	20	
52	49	13	62	85	82	89	65	88	72	87	88	94	54	46	69	15	42	43	89	16	87	38	3	28	68	26	40	50	21	92	82	1	8	74	32	37	27	4	13	15	29	10	45	16	48	15	5	62	51	90	56	4	18	5	5	96	99	21	54	63	16	99	21	13	30	39	84	81	97	10	46	11	51	57	36	61	26	15	25	80	53	13	46	32	81	82	1	23	88	40	38	91	48	63	17	22	45	62	45	
13	28	62	40	19	61	48	3	61	36	94	26	66	85	30	30	11	13	97	46	98	46	19	61	80	71	99	23	29	71	8	80	35	90	38	78	96	55	57	20	32	80	1	18	75	32	66	12	61	92	69	100	84	2	57	39	4	11	6	22	6	96	30	68	36	36	25	44	22	11	24	2	14	43	67	26	69	24	76	26	11	47	83	50	58	4	78	30	72	7	45	2	86	46	54	94	5	31	18	22	
56	69	85	19	78	49	63	55	34	18	83	8	92	100	54	41	98	21	6	44	34	85	25	69	24	5	35	85	85	50	33	24	83	68	37	9	33	42	30	80	87	71	2	89	59	31	68	88	87	34	62	99	91	75	13	43	72	58	64	13	75	95	32	39	53	86	26	12	77	14	4	73	25	72	28	74	51	24	30	39	68	53	63	68	12	63	80	10	38	54	85	26	76	6	98	96	29	17	79	58	
7	100	82	61	49	95	21	84	63	23	60	17	62	95	67	56	21	51	92	70	42	64	84	89	72	45	23	85	72	88	27	90	84	75	52	49	85	25	29	37	4	90	22	64	46	36	36	70	41	40	90	13	52	89	15	76	72	62	71	99	65	6	68	51	8	88	45	42	34	96	81	87	4	34	6	51	77	77	28	72	59	47	6	13	71	45	35	1	21	86	30	73	90	85	74	9	29	88	96	61	
42	80	89	48	63	21	53	39	26	11	73	86	34	34	5	63	62	57	16	74	90	83	24	100	50	63	27	74	73	90	57	17	95	29	51	65	76	14	86	85	79	73	24	47	99	71	36	79	43	6	75	57	100	21	16	92	44	74	57	58	90	27	49	81	3	99	97	70	15	32	7	67	62	71	3	2	23	100	60	39	49	61	31	90	30	25	95	61	91	47	74	85	55	30	84	79	71	29	41	30	
36	38	65	3	55	84	39	29	34	40	73	79	1	29	99	7	3	53	16	89	9	9	81	68	40	15	28	60	15	48	21	39	73	31	96	61	81	38	79	88	11	8	60	65	94	48	70	39	75	85	5	33	1	41	30	67	61	55	35	44	44	87	33	47	91	45	18	35	28	28	50	12	93	6	87	49	72	12	92	63	85	22	14	36	65	89	80	42	83	39	20	90	16	68	93	38	97	32	45	61	
79	93	88	61	34	63	26	34	21	99	82	42	14	73	27	23	96	59	48	40	24	75	45	13	22	44	84	66	46	5	90	63	30	54	15	79	9	11	19	6	38	4	14	39	37	85	4	57	43	9	47	37	93	41	13	34	33	34	11	14	56	22	83	2	26	13	39	49	38	14	83	4	49	86	29	4	51	74	22	48	9	29	93	38	47	52	46	84	57	40	45	62	48	19	13	8	11	24	31	90	
87	24	72	36	18	23	11	40	99	45	44	58	21	1	66	37	57	34	92	43	62	66	74	47	95	76	15	5	5	38	89	11	96	60	90	20	72	33	33	16	68	54	41	13	42	12	85	91	2	80	65	1	49	47	72	22	72	3	8	85	5	14	5	73	52	90	55	85	70	94	66	43	58	38	81	6	50	88	11	48	45	28	25	44	98	81	73	85	55	2	97	91	42	29	59	20	6	33	37	46	
19	14	87	94	83	60	73	73	82	44	5	49	73	22	2	3	62	59	32	38	89	41	93	27	87	1	42	69	8	29	26	31	7	43	57	72	51	53	67	85	36	61	46	85	52	30	55	9	7	53	19	13	72	17	71	44	57	18	80	1	90	35	89	78	83	46	32	93	80	21	69	26	78	88	76	93	34	62	99	50	6	83	8	94	23	2	67	63	95	50	84	47	21	99	20	38	72	85	11	10	
27	75	88	26	8	17	86	79	42	58	49	1	27	85	66	9	99	34	19	12	81	73	61	9	62	82	18	76	16	24	43	8	79	64	58	87	19	71	74	61	72	19	56	68	77	51	10	79	66	100	70	9	98	80	13	84	84	49	10	70	67	5	31	41	30	44	99	88	31	42	8	8	17	83	44	26	30	8	46	31	93	79	55	22	61	97	39	37	33	43	93	38	99	33	62	17	59	96	18	86	
50	10	94	66	92	62	34	1	14	21	73	27	29	91	84	5	75	39	30	9	6	76	39	24	21	77	42	21	11	20	19	73	95	24	83	97	49	5	73	64	47	38	42	31	11	75	57	91	37	87	57	10	29	88	39	89	28	45	95	76	57	72	49	45	85	74	2	76	98	86	39	31	5	51	5	17	43	23	28	70	65	16	57	18	52	38	9	43	59	46	16	87	48	49	36	51	46	25	79	26	
51	45	54	85	100	95	34	29	73	1	22	85	91	45	40	36	57	21	47	81	49	90	43	16	65	92	67	40	71	89	23	43	83	98	15	23	32	79	54	3	61	83	11	85	15	7	1	64	51	41	75	5	8	3	82	9	26	57	69	70	9	2	9	60	75	5	80	52	18	4	24	97	69	24	83	10	80	13	47	64	17	36	78	33	67	12	43	33	94	29	31	34	15	21	61	59	6	60	17	51	
18	48	46	30	54	67	5	99	27	66	2	66	84	40	32	68	11	19	7	84	10	41	55	99	79	39	24	62	32	61	77	94	5	81	87	74	53	86	50	49	48	53	100	64	75	47	2	90	36	28	72	20	41	10	55	80	58	60	49	43	54	56	36	73	49	42	67	34	11	7	8	31	19	64	14	99	93	40	7	95	43	75	24	2	40	27	84	78	92	98	87	32	18	98	36	42	26	36	19	71	
12	59	69	30	41	56	63	7	23	37	3	9	5	36	68	38	55	41	5	10	70	21	59	51	19	99	7	57	48	55	54	17	36	7	99	96	95	71	20	66	24	33	72	91	19	60	5	49	20	9	4	3	90	89	49	66	77	65	47	10	22	81	53	69	95	31	15	79	22	64	50	15	33	75	32	73	77	8	64	100	45	61	13	55	35	52	66	53	41	68	84	32	44	30	19	99	45	69	95	49	
19	41	15	11	98	21	62	3	96	57	62	99	75	57	11	55	64	94	16	12	86	12	30	37	6	84	75	16	25	17	33	57	1	48	69	69	10	61	15	84	54	36	79	62	44	27	70	71	5	5	42	79	43	8	1	77	38	50	55	17	14	5	39	89	65	8	95	56	32	17	69	54	75	59	51	24	85	70	50	69	35	36	97	100	38	94	26	17	67	23	79	27	48	26	50	95	75	90	95	47	
23	5	42	13	21	51	57	53	59	34	59	34	39	21	19	41	94	57	43	51	94	70	48	87	23	87	82	15	3	15	97	12	53	54	32	57	14	39	90	71	30	38	61	58	42	16	59	89	53	43	98	23	14	27	19	60	65	13	2	89	42	90	70	72	34	72	83	45	11	39	27	53	85	68	24	70	79	45	29	22	63	3	28	7	49	19	12	98	25	94	65	29	10	99	36	90	69	39	84	72	
100	97	43	97	6	92	16	16	48	92	32	19	30	47	7	5	16	43	59	79	17	36	95	45	50	85	32	100	34	16	67	30	58	56	75	73	34	68	73	19	24	10	80	65	57	35	6	70	97	78	5	76	78	32	35	77	7	21	30	88	59	15	69	51	32	100	1	98	85	2	75	31	46	33	30	82	71	25	82	22	51	83	97	77	96	44	60	78	13	23	29	77	55	61	15	100	73	52	43	53	
11	63	89	46	44	70	74	89	40	43	38	12	9	81	84	10	12	51	79	85	13	41	25	93	7	79	24	19	41	88	52	97	5	14	33	84	61	60	55	25	5	77	7	14	96	37	59	51	17	60	17	60	65	31	2	60	36	91	68	44	18	20	84	82	25	82	56	53	28	62	80	3	62	83	45	28	51	71	28	77	10	4	33	85	89	19	97	43	43	38	54	67	3	57	6	13	9	95	74	50	
24	40	16	98	34	42	90	9	24	62	89	81	6	49	10	70	86	94	17	13	21	67	72	56	38	86	84	16	53	44	8	11	24	13	64	46	13	18	66	64	43	5	27	35	25	66	43	21	64	13	41	11	23	50	56	62	48	86	91	10	18	42	79	8	86	44	24	98	77	20	67	41	27	50	6	14	20	71	19	71	4	88	25	26	56	38	62	59	18	53	40	98	28	41	92	43	9	38	15	25	
61	32	87	46	85	64	83	9	75	66	41	73	76	90	41	21	12	70	36	41	67	40	48	83	79	86	79	70	19	34	63	67	25	92	39	60	5	60	100	63	61	3	62	26	66	59	62	87	10	31	32	49	41	8	18	55	94	84	73	59	24	77	42	74	58	46	43	6	10	76	43	11	92	99	73	33	37	31	83	90	6	97	64	37	71	35	93	24	81	55	46	12	80	91	59	6	68	28	13	67	
36	71	38	19	25	84	24	81	45	74	93	61	39	43	55	59	30	48	95	25	72	48	60	83	31	62	99	36	21	41	7	30	75	92	22	29	55	70	70	16	55	5	1	45	37	15	48	54	88	37	81	54	80	17	85	41	92	95	95	16	8	16	38	40	92	50	25	1	7	17	75	27	97	86	83	55	58	81	80	89	6	24	58	70	40	90	15	91	9	96	9	60	7	81	89	37	55	49	59	10	
6	29	3	61	69	89	100	68	13	47	27	9	24	16	99	51	37	87	45	93	56	83	83	44	40	83	21	69	51	69	64	63	12	18	36	11	74	33	62	96	4	28	59	37	2	42	91	24	22	15	35	44	82	58	70	4	70	68	88	37	83	51	96	12	44	35	60	17	72	49	48	13	78	78	27	46	49	87	65	93	70	58	80	51	61	95	41	85	21	15	39	61	6	92	9	59	86	34	82	77	
17	98	28	80	24	72	50	40	22	95	87	62	21	65	79	19	6	23	50	7	38	79	31	40	3	58	86	27	29	42	95	9	23	38	79	46	73	33	35	2	21	38	69	36	98	97	62	1	25	95	94	26	48	50	9	38	85	27	48	89	32	100	56	13	92	73	17	79	93	92	65	88	37	94	17	95	19	99	94	92	79	3	33	47	72	47	93	33	67	77	96	50	96	65	9	27	92	74	81	9	
27	36	68	71	5	45	63	15	44	76	1	82	77	92	39	99	84	87	85	79	86	86	62	83	58	32	61	29	29	8	51	34	80	5	88	47	66	33	49	2	40	89	37	87	3	79	32	69	70	36	85	4	71	23	73	61	97	42	86	8	93	99	30	50	91	22	64	32	17	62	27	89	18	41	25	100	52	8	13	31	15	72	52	39	96	13	24	97	22	3	44	74	41	14	1	27	62	9	6	50	
51	19	26	99	35	23	27	28	84	15	42	18	42	67	24	7	75	82	32	24	84	79	99	21	86	61	76	23	39	38	64	45	47	30	82	73	59	15	91	71	59	58	4	54	31	96	60	56	11	80	14	61	35	89	99	9	20	26	63	68	73	80	8	24	79	92	76	37	14	70	82	67	25	84	89	100	86	89	8	32	6	26	85	13	97	17	24	91	36	26	84	19	46	79	56	46	31	34	50	61	
52	42	40	23	85	85	74	60	66	5	69	76	21	40	62	57	16	15	100	19	16	70	36	69	27	29	23	57	38	52	68	76	24	56	24	8	63	8	62	57	8	53	77	16	29	68	99	23	85	53	84	33	74	21	20	49	28	26	12	8	39	48	56	37	58	80	56	68	8	49	73	5	38	22	7	34	33	4	93	78	99	15	69	34	79	6	83	37	32	21	36	44	89	21	73	49	80	42	52	40	
45	11	50	29	85	72	73	15	46	5	8	16	11	71	32	48	25	3	34	41	53	19	21	51	29	29	39	38	6	27	73	12	68	63	29	67	45	92	91	99	87	61	54	84	37	53	74	32	44	7	1	82	21	62	10	31	28	32	14	99	63	6	91	17	93	7	100	62	27	94	43	55	30	3	76	15	69	24	27	47	19	63	79	22	30	57	29	62	76	32	80	56	50	32	27	31	51	79	80	67	
60	40	21	71	50	88	90	48	5	38	29	24	20	89	61	55	17	15	16	88	44	34	41	69	42	8	38	52	27	6	77	42	11	3	53	9	76	14	91	46	98	42	10	89	36	25	12	42	34	14	26	41	99	90	36	65	23	27	35	48	77	24	34	10	4	58	85	66	14	71	90	73	68	79	37	28	56	83	3	74	31	30	8	48	53	56	63	83	49	32	53	70	25	21	88	75	99	4	58	2	
18	53	92	8	33	27	57	21	90	89	26	43	19	23	77	54	33	97	67	52	8	63	7	64	95	51	64	68	73	77	40	88	35	10	99	66	34	37	5	44	15	34	57	12	7	98	100	55	34	95	31	62	36	41	41	55	72	66	92	98	66	14	45	37	23	52	9	28	55	66	51	62	19	81	8	11	74	8	48	35	95	52	7	62	30	40	49	36	16	49	90	25	17	6	95	50	31	49	85	50	
87	16	82	80	24	90	17	39	63	11	31	8	73	43	94	17	57	12	30	97	11	67	30	63	9	34	45	76	12	42	88	75	28	14	57	51	82	98	57	52	4	18	37	48	58	83	68	17	16	33	24	4	84	38	40	18	11	32	71	10	98	51	99	92	89	18	92	57	97	73	98	15	69	23	95	49	69	50	5	96	18	28	37	14	99	41	30	81	94	53	5	11	97	32	64	78	74	97	26	32	
98	40	1	35	83	84	95	73	30	96	7	79	95	83	5	36	1	53	58	5	24	25	75	12	23	80	47	24	68	11	35	28	70	58	92	18	77	54	95	73	10	45	51	5	81	41	94	65	91	7	34	64	81	24	78	65	16	55	1	55	69	52	73	3	27	31	32	45	18	74	44	81	68	70	3	49	60	2	49	98	76	54	100	66	56	49	36	92	99	83	53	12	55	22	84	30	66	12	65	55	
56	88	8	90	68	75	29	31	54	60	43	64	24	98	81	7	48	54	56	14	13	92	92	18	38	5	30	56	63	3	10	14	58	41	27	33	27	97	84	76	71	7	36	40	63	2	61	57	68	70	52	61	51	27	20	57	78	56	63	48	21	17	93	55	61	50	24	23	51	56	4	70	85	10	15	76	90	25	74	7	79	72	56	36	15	18	76	71	42	51	94	29	72	78	37	86	87	45	42	91	
59	92	74	38	37	52	51	96	15	90	57	58	83	15	87	99	69	32	75	33	64	39	22	36	79	88	82	24	29	53	99	57	92	27	47	75	90	50	33	46	84	58	63	52	61	86	67	91	91	67	13	49	76	25	31	31	34	18	28	71	38	46	77	56	84	55	68	64	84	16	8	61	65	29	6	70	16	60	98	63	95	94	43	15	12	8	7	91	1	86	7	12	94	10	32	33	79	47	15	69	
52	6	32	78	9	49	65	61	79	20	72	87	97	23	74	96	69	57	73	84	46	60	29	11	46	47	73	8	67	9	66	51	18	33	75	27	23	81	47	97	59	3	99	82	50	51	23	48	100	44	74	23	18	64	53	30	78	31	10	42	24	4	22	87	2	12	32	91	5	52	61	43	33	28	44	26	25	24	31	8	29	17	48	13	62	60	74	48	53	33	15	33	22	80	48	68	96	61	45	57	
9	46	37	96	33	85	76	81	9	72	51	19	49	32	53	95	10	14	34	61	13	5	55	74	73	66	59	63	45	76	34	82	77	27	90	23	19	67	46	13	55	57	12	87	83	96	20	7	50	17	33	43	76	94	99	42	75	25	74	87	80	11	92	21	32	17	14	69	39	76	95	65	83	81	37	90	5	95	19	3	23	44	40	89	56	61	33	14	18	31	96	31	88	78	42	67	64	69	25	26	
65	43	27	55	42	25	14	38	11	33	53	71	5	79	86	71	61	39	68	60	18	60	70	33	33	33	15	8	92	14	37	98	54	97	50	81	67	24	81	52	81	4	93	30	94	56	37	80	36	91	84	75	85	23	26	24	32	89	37	31	70	26	96	7	61	20	73	6	61	55	30	91	83	26	29	5	82	61	2	84	78	28	18	76	7	80	39	16	29	34	80	18	42	16	10	42	88	58	2	94	
82	34	4	57	30	29	86	79	19	33	67	74	73	54	50	20	15	90	73	55	66	100	70	62	35	49	91	62	91	91	5	57	95	84	33	47	46	81	33	31	94	19	95	42	72	60	77	35	78	29	55	37	96	57	4	59	71	72	14	28	52	65	29	46	33	52	32	36	58	56	33	6	13	74	15	89	52	7	53	19	93	19	47	17	51	86	4	77	93	9	4	7	64	70	24	57	22	2	67	90	
72	7	13	20	80	37	85	88	6	16	85	61	64	3	49	66	84	71	19	25	64	63	16	96	2	2	71	57	99	46	44	52	73	76	46	97	13	52	31	7	71	7	61	26	88	40	52	82	46	85	51	98	45	22	35	75	1	83	31	22	31	47	84	57	16	10	22	61	62	65	59	61	62	57	72	96	43	45	2	60	73	16	45	26	45	96	45	62	93	47	24	49	51	1	76	23	12	68	24	48	
1	40	15	32	87	4	79	11	38	68	36	72	47	61	48	24	54	30	24	5	43	61	55	4	21	40	59	8	87	98	15	4	10	71	84	59	55	81	94	71	76	88	71	58	84	44	36	7	29	33	57	33	3	7	66	54	87	8	84	48	46	46	46	86	62	83	97	13	5	41	94	42	42	59	98	26	69	12	38	96	65	79	10	68	84	14	50	78	78	4	88	10	53	64	79	100	56	28	57	41	
39	75	29	80	71	90	73	8	4	54	61	19	38	83	53	33	36	38	10	77	5	3	5	28	38	89	58	53	61	42	34	18	45	7	58	3	57	4	19	7	88	69	89	58	73	82	5	3	48	67	82	96	28	40	47	66	48	47	43	3	96	28	8	6	46	34	73	55	69	84	20	94	84	10	46	87	60	71	33	47	53	5	63	5	53	94	37	56	54	87	26	98	68	68	12	78	96	27	40	50	
69	7	10	1	2	22	24	60	14	41	46	56	42	11	100	72	79	61	80	7	27	62	1	59	69	37	4	77	54	10	57	37	51	36	63	99	12	93	95	61	71	89	71	98	23	64	40	60	99	34	84	53	26	76	75	28	56	10	61	90	51	34	77	70	70	66	61	22	61	80	12	16	44	1	88	95	76	29	75	73	94	15	1	99	40	17	8	18	89	80	94	80	19	85	44	61	88	75	79	65	
97	74	45	18	89	64	47	65	39	13	85	68	31	85	64	91	62	58	65	14	35	26	45	37	36	87	54	16	84	89	12	48	5	40	52	82	87	30	42	26	58	58	98	96	3	29	87	89	48	53	31	34	26	23	18	16	51	8	42	22	30	49	93	63	83	48	81	89	25	6	61	45	70	87	84	23	86	47	32	49	77	62	17	73	90	1	83	39	16	52	48	60	94	76	38	16	93	41	6	68	
44	9	16	75	59	46	99	94	37	42	52	77	11	15	75	19	44	42	57	96	25	66	37	2	98	3	31	29	37	36	7	58	81	63	61	50	83	94	72	88	84	73	23	3	64	77	47	23	27	54	29	60	65	84	15	61	16	3	23	26	28	49	97	46	65	18	5	60	55	22	84	60	5	99	58	53	59	43	15	70	21	34	86	44	89	12	40	46	4	8	90	54	45	68	89	23	45	82	62	56	
7	5	48	32	31	36	71	48	85	12	30	51	75	7	47	60	27	16	35	37	66	59	15	42	97	79	96	68	53	25	98	83	41	2	86	51	96	56	60	40	44	82	64	29	77	45	44	82	12	80	11	72	74	52	33	32	44	25	32	100	44	60	52	48	86	70	57	3	25	60	73	92	42	40	32	16	15	58	68	57	69	37	41	86	70	15	37	29	25	66	72	76	11	78	4	31	15	5	57	60	
39	38	15	66	68	36	36	70	4	85	55	10	57	1	2	5	70	59	6	59	43	62	48	91	62	32	60	99	74	12	100	68	94	61	67	23	20	37	77	52	36	5	40	87	47	44	93	21	8	79	7	68	94	41	40	13	63	95	29	48	82	29	82	58	55	26	60	17	48	79	90	81	54	40	37	95	99	16	87	4	72	78	81	7	4	34	5	47	15	80	79	73	39	99	65	69	58	30	5	94	
72	65	5	12	88	70	79	39	57	91	9	79	91	64	90	49	71	89	70	51	21	87	54	24	1	69	56	23	32	42	55	17	65	57	91	48	7	80	35	82	7	3	60	89	23	82	21	78	62	99	73	10	29	4	45	98	29	100	59	15	10	80	15	19	89	24	84	20	35	10	86	88	93	33	99	90	56	81	62	58	5	74	15	5	71	22	22	46	72	79	77	49	8	45	67	48	8	52	65	39	
91	87	62	61	87	41	43	75	43	2	7	66	37	51	36	20	5	53	97	17	64	10	88	22	25	70	11	85	44	34	34	16	91	68	91	100	50	36	78	46	29	48	99	48	27	12	8	62	10	72	44	100	98	16	54	2	46	90	12	67	12	62	80	64	65	84	92	40	46	9	30	59	30	73	33	91	40	65	61	9	68	28	40	17	42	10	97	92	23	44	7	20	94	75	36	48	62	97	86	42	
100	81	51	92	34	40	6	85	9	80	53	100	87	41	28	9	5	43	78	60	13	31	37	15	95	36	80	53	7	14	95	33	7	70	67	44	17	91	29	85	33	67	34	53	54	80	79	99	72	73	8	80	99	65	67	34	96	27	51	55	5	40	85	57	100	70	89	50	10	23	96	42	60	8	93	95	95	62	90	16	1	54	25	36	85	98	58	29	24	74	3	83	30	79	7	95	39	36	82	96	
26	72	90	69	62	90	75	5	47	65	19	70	57	75	72	4	42	98	5	17	41	32	81	35	94	85	14	84	1	26	31	24	34	52	13	74	33	84	55	51	57	82	84	31	29	11	7	73	44	8	26	37	3	89	35	22	48	14	36	91	48	34	78	9	54	44	99	32	59	85	39	42	26	94	41	14	47	59	13	9	95	3	50	91	22	15	82	74	94	13	1	10	75	46	35	69	29	33	14	27	
63	46	56	100	99	13	57	33	37	1	13	9	10	5	20	3	79	23	76	60	11	49	54	44	26	4	61	33	82	41	62	4	64	61	49	23	43	75	37	98	33	96	53	34	60	72	68	10	100	80	37	71	58	31	14	55	25	10	69	5	97	100	51	75	71	20	92	28	84	56	68	90	57	31	44	34	70	31	88	90	68	3	82	97	71	36	54	89	48	100	74	22	68	48	13	98	92	37	49	1	
72	56	4	84	91	52	100	1	93	49	72	98	29	8	41	90	43	14	78	65	23	41	80	82	48	71	35	74	21	99	36	84	81	51	76	18	76	85	96	45	3	28	26	26	65	74	94	29	98	99	3	58	67	84	60	84	58	45	98	21	25	75	90	40	29	22	15	88	69	35	74	66	64	61	62	86	54	29	22	11	90	39	75	40	22	90	52	4	57	95	39	35	28	77	17	22	98	99	73	39	
68	92	18	2	75	89	21	41	41	47	17	80	88	3	10	89	8	27	32	31	50	8	17	58	50	23	89	21	62	90	41	38	24	27	25	64	94	23	57	22	7	40	76	23	84	52	41	4	16	65	89	31	84	98	29	15	55	66	19	11	4	13	68	33	43	82	6	81	29	69	80	52	3	30	72	11	86	15	66	21	73	78	61	11	29	40	57	60	59	14	28	70	27	4	72	63	50	9	74	30	
85	86	5	57	13	15	16	30	13	72	71	13	39	82	55	49	1	19	35	2	56	18	85	70	9	73	99	20	10	36	41	40	78	20	31	53	99	26	4	35	66	47	75	18	15	33	40	45	54	67	35	14	60	29	94	34	69	43	59	94	63	50	75	35	89	68	15	55	53	50	21	34	53	29	39	76	2	90	78	59	41	7	83	86	23	7	5	54	5	8	33	37	18	40	87	76	78	30	39	77	
63	28	5	39	43	76	92	67	34	22	44	84	89	9	80	66	77	60	77	60	62	55	41	4	38	61	9	49	31	65	55	18	65	57	31	30	42	24	59	75	54	66	28	16	61	32	13	98	2	34	22	55	84	15	34	22	40	47	87	66	6	86	58	91	23	9	5	98	29	27	6	69	96	45	69	28	81	58	59	36	76	35	54	50	87	64	89	75	60	1	9	31	44	100	44	97	14	27	52	61	
43	87	96	4	72	72	44	61	33	72	57	84	28	26	58	77	38	65	7	36	48	94	92	70	85	97	20	28	28	23	72	11	16	78	34	78	75	32	71	1	87	48	56	51	16	44	63	29	46	96	48	25	58	55	69	40	9	3	22	44	85	83	42	17	79	91	8	45	66	29	29	29	18	84	51	30	15	5	53	51	40	46	34	63	27	2	4	59	94	19	20	80	79	21	8	22	31	29	86	1	
35	75	99	11	58	62	74	55	34	3	18	49	45	57	60	65	50	13	21	91	86	84	95	68	27	42	26	26	32	27	66	32	55	56	18	31	25	89	72	83	8	47	10	8	3	25	95	100	90	27	14	10	45	66	43	47	3	32	80	76	67	45	29	41	81	6	66	93	98	92	47	12	13	82	59	39	46	83	14	77	98	63	33	95	16	81	33	93	20	84	37	53	56	79	1	19	16	92	87	47	
39	47	21	6	64	71	57	35	11	8	80	10	95	69	49	47	55	2	30	68	91	73	95	88	48	86	63	12	14	35	92	71	1	63	28	10	74	37	14	31	84	43	61	42	23	32	29	59	12	51	36	69	98	19	59	87	22	80	78	2	58	96	45	74	52	27	80	67	73	40	56	22	85	11	57	34	76	77	81	4	75	20	40	76	72	6	18	20	2	89	99	72	98	77	52	64	66	78	86	1	
17	12	54	22	13	99	58	44	14	85	1	70	76	70	43	10	17	89	88	44	10	59	16	37	89	8	68	8	99	48	98	10	55	48	71	42	87	31	28	22	48	3	90	22	26	100	48	15	67	55	91	5	21	11	94	66	44	76	2	82	64	78	90	37	24	44	88	61	27	61	74	26	50	61	21	21	18	29	73	73	47	85	26	70	13	19	12	27	4	14	57	21	15	85	20	36	4	7	2	2	
1	48	63	6	75	65	90	44	56	5	90	67	57	9	54	22	14	42	59	18	18	24	8	83	32	93	73	39	63	77	66	98	69	21	38	24	80	70	52	31	46	96	51	30	28	44	82	10	12	5	48	97	25	4	63	6	85	67	58	64	53	16	92	17	80	71	78	90	77	16	84	26	46	62	14	85	21	97	99	9	96	63	67	29	83	95	69	62	66	31	98	47	82	43	44	73	92	37	29	12	
65	32	16	96	95	6	27	87	22	14	35	5	72	2	56	81	5	90	15	20	42	77	16	51	100	99	80	48	6	24	14	51	52	17	46	4	11	26	65	47	46	28	34	49	49	60	29	80	62	40	34	100	75	13	50	86	83	45	96	78	16	68	41	100	80	43	57	62	6	54	82	37	98	10	15	39	4	35	72	67	51	82	46	3	64	3	47	20	42	7	48	78	46	9	8	62	88	74	26	36	
59	94	99	30	32	68	49	33	83	5	89	31	49	9	36	53	39	70	69	84	79	42	38	96	56	30	8	56	91	34	45	99	73	93	77	22	92	96	29	84	46	8	77	93	97	52	82	15	80	85	78	51	90	68	75	58	42	29	45	90	92	41	74	3	71	13	15	2	92	97	25	20	69	8	78	70	5	63	41	15	36	77	48	84	5	34	14	30	39	73	42	20	80	69	1	17	67	77	15	64	
43	39	21	68	39	51	81	47	2	73	78	41	45	60	73	69	89	72	51	82	8	74	40	12	13	50	24	37	17	10	37	92	3	55	56	87	21	7	46	57	86	6	70	63	46	48	58	19	64	57	9	75	40	33	35	91	17	41	74	37	17	100	3	84	76	98	87	93	73	54	58	60	80	31	33	38	31	66	94	45	42	43	31	43	27	97	27	53	44	30	100	19	58	70	88	47	20	90	82	46	
71	81	13	36	53	8	3	91	26	52	83	30	85	75	49	95	65	34	32	25	86	58	92	44	92	91	79	58	93	4	23	89	27	61	84	2	32	61	33	16	62	46	70	83	65	86	55	89	65	100	54	71	29	43	89	23	79	81	52	24	80	80	71	76	43	40	90	72	64	65	50	14	92	60	91	7	66	26	12	43	59	84	34	53	29	39	70	79	31	31	2	77	56	40	84	3	14	54	27	51	
13	44	30	36	86	88	99	45	13	90	46	44	74	5	42	31	8	72	100	82	44	46	50	35	73	22	92	80	7	58	52	18	31	50	55	12	17	20	52	10	83	34	66	48	18	70	26	24	84	70	44	20	22	82	68	9	91	6	27	44	71	43	13	98	40	78	79	88	99	33	4	79	63	22	72	46	15	65	93	87	86	91	38	67	32	43	7	83	24	69	70	83	5	27	48	41	9	25	43	53	
75	68	39	25	26	45	97	18	39	55	32	99	2	80	67	15	95	83	1	56	24	43	25	60	17	64	76	56	100	85	9	92	32	24	68	32	14	73	32	22	97	73	61	81	5	57	60	84	92	89	99	92	15	6	15	5	8	66	80	88	78	57	15	87	90	79	51	11	18	8	54	46	62	48	64	20	24	38	88	74	89	81	90	3	75	36	38	44	65	43	48	21	46	72	43	80	94	50	29	20	
33	71	84	44	12	42	70	35	49	85	93	88	76	52	34	79	56	45	98	53	98	6	1	17	79	32	37	68	62	66	28	57	45	23	64	91	69	6	36	61	13	55	22	89	60	3	17	20	40	50	32	28	88	81	55	98	45	93	67	61	90	62	2	93	72	88	11	82	41	8	69	38	82	4	13	28	20	33	61	61	87	26	82	25	20	61	45	94	76	46	51	50	14	14	18	70	92	2	64	26	
47	43	81	22	77	34	15	28	38	70	80	31	98	18	11	22	32	11	85	28	77	10	7	72	93	17	14	8	27	14	55	97	18	51	84	5	39	61	58	62	5	69	61	25	55	25	48	35	46	10	59	84	69	29	53	29	66	98	73	27	77	6	92	73	64	99	18	41	36	6	73	54	66	47	55	80	61	47	68	39	35	40	84	11	23	54	85	86	24	96	5	77	49	48	72	63	84	59	56	46	
71	41	97	11	14	96	32	28	14	94	21	42	86	4	7	64	17	39	2	62	20	76	17	49	92	62	70	49	94	71	66	73	74	56	16	52	76	55	56	65	41	84	80	6	22	60	79	10	9	23	85	56	35	69	50	27	29	92	40	61	16	54	97	54	65	33	8	8	6	60	44	20	72	66	47	69	100	93	95	8	8	37	53	53	35	59	28	35	13	88	31	9	39	36	37	83	47	56	28	10	
18	20	10	24	4	81	7	50	83	66	69	8	39	24	8	50	69	27	75	80	67	43	75	48	65	27	82	73	43	90	51	98	44	4	8	61	95	30	33	59	94	20	12	61	84	73	90	86	30	96	39	68	74	80	21	6	29	47	56	74	84	82	25	58	50	4	54	69	73	44	53	66	20	40	91	57	67	87	33	4	37	48	42	23	33	62	22	22	73	64	87	55	54	74	44	87	83	95	42	99	
16	88	46	2	73	87	67	12	4	43	26	8	31	97	31	15	54	53	31	3	41	11	27	13	88	89	67	5	55	73	62	15	81	70	61	43	65	91	6	61	42	94	16	45	60	92	81	88	59	42	42	90	66	52	34	69	29	12	22	26	26	37	20	60	14	79	46	38	54	20	66	42	19	82	82	94	50	99	96	41	90	30	45	66	25	43	80	5	57	75	74	58	8	13	94	43	94	61	8	3	
38	46	11	14	25	4	62	93	49	58	78	17	5	69	19	33	75	85	46	62	27	92	97	78	37	18	25	38	30	68	19	69	68	85	65	33	83	83	13	62	42	84	44	70	5	42	54	93	30	60	26	57	64	3	53	96	18	13	85	50	46	98	69	80	92	63	62	82	66	72	20	19	8	42	48	4	67	21	75	71	14	97	100	27	23	64	28	59	25	57	94	50	44	9	2	14	79	39	73	40	
31	33	51	43	72	34	71	6	86	38	88	83	51	24	64	75	59	68	33	83	50	99	86	78	94	41	84	22	3	79	81	23	70	10	29	28	81	26	74	57	59	10	1	87	99	40	40	33	73	8	94	31	61	30	29	45	84	82	11	61	62	10	8	31	60	22	48	4	47	66	40	82	42	94	38	21	92	54	41	23	79	83	25	34	52	60	53	53	93	70	2	48	75	87	17	62	52	53	46	76	
19	83	57	67	28	6	3	87	29	81	76	44	5	83	14	32	51	24	30	45	6	73	83	27	17	25	89	7	76	37	8	95	3	15	6	44	37	29	15	72	98	46	88	84	58	32	37	99	33	93	41	44	62	72	39	69	51	59	57	21	14	15	78	33	91	72	64	13	55	47	91	82	48	38	76	33	97	57	90	55	14	37	95	64	56	25	65	41	45	18	21	90	29	31	78	78	83	72	55	55	
16	56	36	26	74	51	2	49	4	6	93	26	17	10	99	73	24	70	82	28	14	33	55	46	95	100	100	34	15	28	11	49	49	76	70	26	90	5	89	96	26	87	95	23	53	16	95	90	91	95	14	34	86	11	76	28	30	39	34	21	85	39	70	38	7	46	20	28	80	69	57	94	4	21	33	77	85	34	64	21	53	87	79	61	74	3	46	51	13	7	40	26	37	55	32	26	61	83	90	12	
27	74	61	69	51	77	23	72	51	50	34	30	43	80	93	77	85	79	71	51	20	37	58	49	19	52	86	33	69	56	74	69	60	90	16	25	5	82	52	43	69	60	76	86	59	15	99	56	40	95	47	70	54	86	2	81	15	46	76	18	21	4	5	31	66	15	24	20	61	100	67	50	67	92	97	85	96	83	10	46	47	57	10	66	28	81	30	41	79	94	35	82	88	11	11	6	3	32	45	62	
28	78	26	24	24	77	100	12	74	88	62	8	23	13	40	8	70	45	25	71	71	31	81	87	99	8	89	4	24	83	8	50	2	25	60	24	95	61	7	45	12	71	29	47	43	58	16	81	65	62	59	31	29	15	90	58	5	83	77	29	97	35	63	66	26	65	38	33	47	93	87	99	21	54	57	34	83	45	12	57	73	31	42	32	19	45	97	1	50	23	35	66	27	44	59	32	43	87	41	8	
74	84	15	76	30	28	60	92	22	11	99	46	28	47	7	64	50	29	82	28	19	83	80	65	94	13	8	93	27	3	48	5	49	74	98	31	19	2	53	2	38	33	75	32	15	68	87	62	61	90	13	88	22	66	78	59	53	14	81	73	99	72	41	94	12	93	88	61	68	95	33	96	75	41	90	64	10	12	97	61	11	63	2	11	39	56	83	14	24	73	16	28	31	11	9	94	8	12	71	77	
87	18	25	26	39	72	39	63	48	48	50	31	70	64	95	100	69	22	22	77	71	90	89	93	92	31	32	78	47	74	35	96	98	7	63	8	3	84	19	60	96	47	73	49	70	57	4	58	9	16	9	90	11	21	59	36	51	77	4	73	9	67	15	45	43	87	74	61	39	8	4	41	71	23	55	21	46	57	61	70	42	97	6	15	94	42	2	92	97	48	46	4	87	8	76	65	29	73	30	7	
88	48	80	11	68	59	49	85	9	45	6	93	65	17	43	45	35	63	51	10	4	6	6	70	79	15	6	99	19	31	95	18	76	79	95	29	23	78	93	73	65	53	94	77	21	69	72	5	68	1	95	68	90	73	41	76	40	98	75	47	96	51	36	42	59	86	89	87	35	8	37	90	14	79	14	53	47	73	11	42	7	40	23	70	82	32	67	85	6	81	61	33	82	78	89	33	14	53	58	37	
65	34	53	47	53	47	61	22	29	28	83	79	16	36	75	61	36	3	83	4	88	97	24	58	3	72	26	15	63	30	52	28	54	72	94	17	44	28	19	16	79	5	15	62	34	37	78	74	28	54	3	3	39	78	7	35	46	63	20	85	63	82	77	43	84	91	81	26	40	37	48	30	97	83	37	87	57	31	63	97	40	80	20	18	86	68	93	76	15	97	70	81	93	4	48	59	31	15	61	80	
48	22	13	83	63	6	31	14	93	25	8	55	57	78	24	13	97	28	97	33	25	64	58	80	33	52	85	69	79	8	7	37	100	56	43	48	40	18	47	45	10	63	1	17	86	41	81	15	40	25	50	82	75	61	83	54	34	33	40	26	67	46	48	31	34	38	90	82	84	53	42	45	100	25	95	79	10	42	2	6	23	20	26	13	29	40	61	52	55	76	82	95	78	53	36	34	51	7	74	21	
64	24	46	50	68	13	90	36	38	44	94	22	18	33	2	55	100	7	77	85	26	37	70	51	47	39	13	34	22	48	62	14	66	36	15	13	89	76	17	26	68	5	99	73	44	86	7	5	17	36	91	97	40	11	86	50	63	95	76	70	29	3	84	43	53	67	3	25	11	53	23	66	27	34	64	61	66	32	11	15	70	18	13	99	15	75	1	8	66	74	85	3	29	41	6	86	56	32	28	75	
79	96	32	58	12	71	30	65	47	98	23	61	52	67	40	35	38	49	96	89	56	71	40	61	72	96	97	79	30	53	30	99	56	15	12	62	56	7	51	45	84	53	40	90	89	70	4	71	42	85	22	71	22	29	23	87	27	16	72	13	83	64	5	27	29	32	75	20	23	35	33	25	23	52	56	74	28	19	39	94	82	86	29	15	13	53	65	6	17	28	69	47	64	8	51	65	49	44	22	82	
26	76	81	4	63	45	25	89	52	81	2	97	38	12	27	52	94	19	44	19	38	35	90	95	47	13	17	6	57	56	40	41	49	18	8	60	61	80	86	96	14	94	17	1	12	15	34	22	10	98	15	36	90	40	7	64	2	81	6	19	95	3	34	97	39	43	36	61	54	59	62	43	64	60	25	3	81	45	56	42	32	68	40	75	53	90	49	73	44	46	86	54	65	24	63	27	46	53	22	1	
33	34	82	78	80	35	95	80	46	73	67	39	9	43	84	66	26	12	60	97	62	93	15	41	93	24	24	83	29	63	49	30	36	76	7	74	33	39	4	45	50	37	8	83	40	37	5	22	97	58	82	54	52	57	5	89	4	33	18	12	69	47	14	27	70	7	38	45	85	28	22	80	28	53	65	46	30	97	83	2	67	93	61	1	65	49	13	21	27	11	81	88	25	4	14	77	3	20	46	72	
2	86	1	30	10	1	61	42	84	85	63	37	43	33	78	53	17	98	78	43	59	24	91	85	33	97	91	37	62	83	36	81	92	71	91	48	14	16	77	62	78	56	18	39	46	29	47	46	92	29	74	89	4	60	54	75	59	93	20	27	62	20	30	53	79	83	44	94	86	35	22	5	59	53	41	51	41	1	14	92	85	76	52	8	6	73	21	80	44	77	82	22	3	50	55	96	85	36	13	4	
93	87	23	72	38	21	91	83	57	55	95	33	59	94	92	41	67	25	13	43	18	81	9	21	67	22	36	32	76	49	16	94	99	42	1	53	18	29	93	93	78	54	89	16	4	25	15	72	23	24	94	48	57	59	5	60	94	20	2	4	66	42	39	44	31	24	65	76	24	13	73	57	25	93	45	13	79	50	24	97	6	15	55	66	17	44	27	44	20	16	99	16	63	81	74	21	60	22	38	7	
6	20	88	7	54	86	47	39	40	2	50	43	46	29	98	68	23	94	23	38	53	55	96	15	77	3	26	21	32	32	49	53	83	51	86	33	31	34	9	47	4	87	80	52	8	66	80	79	44	74	13	100	95	14	8	1	19	84	89	14	31	7	73	30	31	69	43	46	96	88	64	75	57	70	18	7	94	23	73	48	81	97	76	74	28	46	11	77	16	33	50	55	94	20	60	92	78	10	99	62	
41	43	40	45	85	30	74	20	45	97	84	93	16	31	87	84	79	65	29	54	40	46	9	39	96	44	84	36	80	53	90	5	53	94	7	15	96	80	4	24	88	26	94	48	90	72	79	77	7	3	1	74	39	28	33	9	20	37	99	57	98	48	42	100	2	70	48	51	5	31	87	74	94	2	21	40	35	35	16	46	61	70	82	85	69	86	81	82	99	50	2	51	15	7	79	13	97	36	27	97	
48	45	38	2	26	73	85	90	62	91	47	38	87	34	32	32	27	29	77	67	98	12	60	61	50	74	19	44	56	70	25	11	12	29	12	33	31	18	7	49	10	98	80	60	54	76	73	49	20	83	10	22	35	70	37	31	80	53	72	21	47	78	20	19	77	83	21	50	77	9	55	58	50	48	90	26	82	66	28	4	33	81	95	3	47	54	88	22	16	55	51	69	82	63	99	94	57	30	30	36	
39	45	91	86	76	90	55	16	48	42	21	99	48	15	18	44	48	10	55	3	28	80	7	6	96	41	46	89	50	25	17	97	55	72	94	22	88	42	64	51	53	68	19	94	45	11	39	8	94	30	75	68	28	27	18	44	79	56	98	15	82	46	80	58	56	5	46	14	49	39	54	8	44	75	29	37	88	27	31	87	82	93	78	29	64	65	25	3	63	94	15	82	52	75	52	81	11	73	93	46	
12	76	48	46	6	85	30	68	19	29	99	33	49	21	98	30	26	99	61	57	41	91	81	92	65	14	79	21	32	21	6	32	22	78	10	80	78	16	70	1	64	68	85	76	68	78	99	45	75	79	46	48	77	4	40	100	21	79	77	85	43	9	69	70	40	27	72	14	48	36	74	13	9	87	31	55	11	44	11	8	78	4	53	41	8	24	4	50	81	20	7	63	75	8	43	56	24	34	2	99	
50	65	63	54	98	74	84	93	13	59	20	62	36	61	36	19	50	36	15	6	92	59	89	9	9	1	56	73	27	88	95	64	84	37	32	48	42	10	24	76	79	12	44	38	89	4	65	67	36	7	35	13	17	72	87	44	8	1	52	20	44	8	1	88	84	48	43	18	72	37	44	94	2	17	78	32	11	59	9	76	89	48	36	6	51	63	14	55	74	60	79	99	52	43	73	78	63	64	31	28	
16	36	17	94	96	9	79	38	8	20	38	17	51	59	42	99	95	90	100	13	43	6	37	59	27	27	46	49	31	75	50	78	30	86	33	68	67	42	57	23	100	78	61	16	23	31	69	48	48	95	69	98	22	63	76	97	22	19	64	36	73	62	17	47	3	41	80	70	63	83	87	43	14	62	78	26	6	32	94	65	33	59	34	86	65	27	77	96	21	92	13	94	81	56	78	84	72	86	58	100	
37	85	22	5	29	29	71	97	11	6	72	59	46	6	26	45	75	69	73	9	9	68	55	86	92	62	31	80	51	99	31	74	66	87	79	96	64	88	22	12	56	96	88	93	45	15	58	8	62	39	29	92	98	50	78	14	31	16	66	4	92	88	67	20	14	9	94	92	84	47	83	94	79	52	83	61	3	43	8	29	14	31	51	56	49	46	3	85	60	78	97	57	11	24	63	72	63	83	58	91	
68	46	45	31	17	88	29	32	24	33	85	96	25	60	36	69	90	39	52	95	38	28	49	34	74	9	34	42	79	4	49	97	12	45	47	61	69	58	2	68	28	27	75	41	82	5	30	52	97	36	33	37	99	9	30	27	29	92	78	7	37	74	77	90	54	25	50	2	59	56	95	61	39	53	72	83	32	87	12	73	53	15	7	32	44	53	20	36	22	10	36	30	73	34	64	86	83	5	36	36	
86	71	62	18	79	96	41	45	31	37	11	18	79	17	19	95	95	84	43	74	15	13	59	82	81	6	50	52	80	58	85	26	65	42	15	45	25	2	67	24	57	40	79	6	62	57	5	65	86	82	14	49	73	74	39	52	86	87	86	2	29	26	15	82	27	43	29	64	56	28	42	8	73	46	55	90	45	41	71	30	58	61	74	28	22	22	46	13	38	99	27	30	93	2	31	58	58	36	50	17	
85	20	45	22	58	61	30	61	90	46	10	86	26	51	71	49	47	72	53	50	25	67	10	77	9	50	61	40	67	2	50	32	55	91	69	57	26	94	90	48	41	50	65	68	56	60	94	39	42	96	27	1	39	30	77	61	1	47	1	2	12	36	64	46	51	53	20	26	46	10	99	3	40	76	55	12	62	8	77	7	37	80	21	75	82	1	72	4	7	62	97	36	46	99	28	100	91	36	17	32	
