100
2265
52	14	71	42	27	55	68	50	87	20	61	58	2	44	52	25	79	89	20	77	59	64	66	49	58	26	58	96	37	88	50	25	85	41	41	8	78	43	58	63	95	56	77	92	14	1	96	63	13	12	85	87	69	7	27	97	41	22	34	32	79	39	10	75	14	24	90	62	69	85	50	27	15	91	91	63	9	83	37	20	76	73	8	30	16	57	91	28	46	19	77	37	32	54	64	70	90	90	58	94	
71	48	12	60	5	39	40	74	42	41	67	7	52	53	3	62	38	8	31	56	23	6	8	66	82	16	44	5	57	75	100	8	10	79	55	92	31	84	82	100	73	30	11	100	9	83	98	35	15	85	65	56	52	78	75	75	22	31	79	20	17	1	9	69	37	70	93	50	92	28	41	9	88	77	75	93	14	59	37	81	3	58	54	65	41	39	16	70	48	54	20	60	22	81	11	91	92	70	60	3	
48	42	40	55	21	43	15	88	21	71	91	84	73	71	20	93	12	24	93	3	38	99	55	22	55	34	54	23	18	64	90	45	78	35	47	36	33	28	23	86	3	59	26	10	47	21	31	44	86	6	42	72	42	34	15	77	31	67	11	11	92	57	83	91	15	54	31	42	36	41	48	5	62	16	5	51	19	89	26	55	52	1	71	79	96	47	29	24	33	1	1	76	48	48	83	75	78	55	85	69	
12	40	15	21	32	27	22	66	97	30	79	12	75	70	9	43	6	52	33	57	15	15	2	80	22	56	62	74	24	43	66	12	58	32	34	54	41	49	49	52	63	27	59	37	97	20	37	13	66	37	83	7	57	34	79	18	98	30	22	32	7	95	35	58	73	65	85	26	5	69	20	40	44	94	54	87	8	51	69	84	10	83	78	94	26	31	62	35	63	60	15	28	87	4	98	52	73	61	26	57	
60	55	21	49	1	11	37	25	91	63	96	54	75	47	57	35	2	30	29	42	79	39	18	49	57	62	5	81	39	32	67	74	47	83	15	64	82	76	94	64	47	59	6	41	100	1	91	40	66	9	54	23	9	55	47	16	13	49	22	82	71	47	51	87	26	89	94	4	20	66	9	77	59	57	36	62	1	45	30	80	31	67	40	86	64	97	74	4	46	17	88	34	36	91	64	73	14	31	74	81	
5	21	32	1	92	22	91	21	95	50	79	21	86	4	61	29	8	70	9	47	61	81	48	9	20	44	95	81	46	22	3	96	29	23	38	88	97	77	63	2	4	67	49	25	1	9	95	94	16	12	27	36	86	62	17	46	29	77	21	41	1	32	20	27	99	100	15	53	5	52	30	20	73	61	79	97	66	64	82	43	80	48	94	6	37	21	70	66	48	73	73	4	59	42	14	19	55	68	67	12	
39	43	27	11	22	100	56	100	14	24	34	84	46	27	72	80	99	69	58	52	52	15	4	84	30	99	30	56	35	75	20	27	2	45	68	46	66	26	61	59	73	45	32	68	23	6	77	86	10	57	92	33	98	52	87	48	2	65	25	18	97	71	11	4	41	28	88	57	54	56	12	29	6	31	4	60	24	33	16	41	91	74	66	12	19	16	71	29	44	80	58	67	15	57	62	76	9	21	44	87	
40	15	22	37	91	56	32	39	60	12	13	69	36	88	76	1	81	40	88	57	53	46	3	20	54	10	39	100	42	43	49	41	4	16	87	80	83	51	24	31	99	60	62	70	4	12	1	35	45	38	56	37	84	2	26	70	65	86	98	81	26	87	18	5	78	80	36	80	68	95	28	66	88	41	12	36	98	43	37	42	87	22	36	16	76	78	22	66	5	23	18	96	7	3	30	72	46	97	97	38	
74	88	66	25	21	100	39	85	44	57	17	15	58	78	38	91	42	18	9	18	45	33	75	90	95	22	67	51	18	88	69	58	82	35	96	95	1	5	55	82	53	30	13	99	51	92	100	71	91	19	42	54	31	52	28	8	48	12	40	100	3	10	18	53	79	2	69	91	26	52	2	32	76	79	38	58	12	97	52	91	62	91	80	4	69	59	50	64	61	96	92	18	69	56	8	75	49	58	63	85	
42	21	97	91	95	14	60	44	34	89	55	72	3	56	58	8	49	82	41	17	78	67	38	65	63	100	46	10	88	44	85	89	10	58	49	77	58	65	54	7	98	43	3	83	46	78	58	51	53	17	95	100	37	36	10	90	97	28	26	91	96	85	83	30	69	62	24	20	21	73	81	74	89	79	33	7	92	88	49	62	88	94	97	56	71	79	7	71	19	95	88	98	84	38	35	40	29	14	57	10	
41	71	30	63	50	24	12	57	89	87	22	89	36	75	9	29	51	57	69	77	27	73	4	26	21	15	47	29	38	50	55	92	49	16	56	78	28	62	59	96	73	2	1	41	79	88	66	22	25	77	57	1	52	34	29	71	46	40	58	26	54	73	53	73	6	76	48	90	86	70	90	46	82	46	57	64	59	77	36	74	90	74	13	2	92	94	5	71	21	66	22	62	70	81	51	1	2	16	21	57	
67	91	79	96	79	34	13	17	55	22	10	96	86	70	98	40	16	2	56	42	24	81	30	96	59	77	30	18	88	42	55	87	8	39	4	96	56	88	27	54	33	84	1	1	62	32	73	41	39	21	97	69	87	65	25	69	14	12	28	85	19	50	47	5	30	46	9	31	14	25	33	92	24	13	90	21	23	26	45	71	95	96	23	43	32	47	41	1	20	89	82	71	51	32	31	21	44	94	30	75	
7	84	12	54	21	84	69	15	72	89	96	23	47	76	10	83	27	92	74	57	86	74	46	48	67	79	33	95	40	81	50	62	66	35	21	75	98	84	41	50	21	16	57	63	9	59	93	57	70	29	28	87	37	84	33	94	66	5	35	46	86	11	95	34	55	73	44	10	79	30	32	2	10	8	27	32	99	14	41	4	82	11	4	76	13	56	46	40	34	59	58	99	71	51	66	18	56	8	76	66	
52	73	75	75	86	46	36	58	3	36	86	47	49	21	16	50	34	20	43	81	56	23	40	36	8	70	5	93	23	15	17	97	10	34	43	73	42	41	45	10	36	13	22	93	64	61	64	1	26	81	18	53	19	20	98	62	8	41	17	70	20	10	10	29	5	32	11	84	88	75	81	56	69	50	94	17	26	11	82	39	76	54	84	45	25	74	44	21	76	42	85	40	95	50	65	28	90	19	8	31	
53	71	70	47	4	27	88	78	56	75	70	76	21	84	18	1	83	87	85	25	11	97	3	57	15	59	46	63	49	23	16	78	79	67	79	58	49	67	22	5	91	96	27	18	16	17	96	19	94	41	96	85	62	4	14	6	54	48	89	98	47	84	6	97	33	1	35	54	27	9	55	87	96	51	3	92	35	80	86	8	74	74	56	87	15	25	39	4	24	73	34	38	2	1	46	9	59	18	100	22	
3	20	9	57	61	72	76	38	58	9	98	10	16	18	36	60	62	95	48	5	18	18	97	17	68	85	74	81	98	75	91	86	21	25	70	4	93	12	28	62	50	62	64	34	28	42	43	65	26	25	88	81	4	61	9	90	62	40	88	69	23	37	27	40	48	97	16	50	98	76	62	40	41	72	56	41	75	91	70	77	54	5	100	58	75	5	60	50	11	61	85	44	49	46	92	34	23	35	32	15	
62	93	43	35	29	80	1	91	8	29	40	83	50	1	60	3	23	40	97	52	57	67	80	19	55	64	57	18	39	3	87	1	7	40	66	59	18	83	91	96	5	62	31	60	50	20	67	59	55	38	48	40	9	44	14	47	95	6	79	84	83	37	19	97	46	42	81	11	20	80	98	66	40	90	12	67	1	79	14	4	38	75	79	13	34	67	99	16	64	41	96	54	62	58	97	50	41	44	84	21	
38	12	6	2	8	99	81	42	49	51	16	27	34	83	62	23	4	34	25	73	61	12	36	94	36	26	1	26	34	54	7	85	93	82	83	53	78	58	14	77	95	1	92	55	35	58	32	95	98	16	72	69	10	70	50	9	36	41	69	6	83	49	70	93	10	89	89	67	52	38	12	22	100	5	21	41	43	43	7	19	31	58	85	50	100	98	93	99	96	66	52	51	43	89	47	32	70	25	20	50	
8	24	52	30	70	69	40	18	82	57	2	92	20	87	95	40	34	52	27	66	74	94	11	46	66	22	81	29	4	25	24	3	9	9	65	36	57	23	95	47	65	73	45	86	33	20	38	21	78	9	8	63	65	62	89	58	27	76	89	72	36	10	42	89	20	25	27	52	24	43	15	88	98	68	19	87	58	72	41	29	100	56	57	59	1	12	25	56	14	88	10	50	58	71	28	74	42	68	50	43	
31	93	33	29	9	58	88	9	41	69	56	74	43	85	48	97	25	27	95	1	60	83	50	5	97	31	8	56	69	25	98	29	78	46	61	37	79	17	5	61	89	78	16	14	70	73	68	76	94	35	29	16	66	83	43	15	69	51	14	85	29	8	96	34	65	78	47	11	97	96	47	54	30	4	65	40	63	96	69	32	68	76	12	60	17	55	33	82	50	54	41	31	28	2	33	39	30	72	55	81	
56	3	57	42	47	52	57	18	17	77	42	57	81	25	5	52	73	66	1	13	23	62	73	72	99	68	55	11	7	78	30	52	100	87	6	52	21	94	47	87	58	91	49	84	47	71	19	39	81	22	31	24	54	87	27	55	1	69	55	95	34	71	85	47	60	20	39	100	68	41	14	97	83	67	78	83	69	71	18	78	8	54	37	67	19	38	15	7	83	23	11	70	13	74	5	90	100	83	19	9	
23	38	15	79	61	52	53	45	78	27	24	86	56	11	18	57	61	74	60	23	86	52	90	93	18	66	8	98	75	96	27	36	52	15	26	54	49	100	30	20	61	41	29	67	76	25	65	97	70	67	77	58	63	9	72	83	94	47	17	77	94	44	60	9	46	86	50	67	37	19	90	53	12	9	74	9	43	27	68	98	85	6	81	99	27	29	7	90	61	2	42	96	9	57	66	69	95	1	39	32	
6	99	15	39	81	15	46	33	67	73	81	74	23	97	18	67	12	94	83	62	52	84	40	80	3	13	27	46	87	78	31	62	3	55	11	21	83	84	62	21	45	46	79	96	80	16	63	93	14	35	98	84	29	59	45	65	70	77	33	33	42	15	40	3	93	83	13	92	33	27	56	31	59	19	78	65	84	72	83	15	27	61	4	58	42	44	61	67	18	9	34	94	40	63	59	55	37	12	78	6	
8	55	2	18	48	4	3	75	38	4	30	46	40	3	97	80	36	11	50	73	90	40	68	20	87	19	71	81	52	96	81	12	47	49	92	54	60	27	36	38	43	42	29	74	52	30	26	36	86	80	52	51	56	23	52	9	30	94	54	91	42	73	72	70	62	14	2	67	77	22	21	95	75	4	6	76	28	36	2	44	18	80	26	38	97	14	42	34	3	59	32	83	95	40	6	45	60	94	39	21	
66	22	80	49	9	84	20	90	65	26	96	48	36	57	17	19	94	46	5	72	93	80	20	79	42	72	70	70	69	15	43	94	51	16	58	56	45	70	10	91	38	61	92	82	85	89	78	70	41	97	60	2	18	23	82	85	19	84	21	13	12	12	93	33	59	93	6	82	18	86	65	37	92	21	50	34	79	22	69	54	51	74	92	32	7	99	38	93	22	77	59	22	83	38	36	4	21	88	1	26	
82	55	22	57	20	30	54	95	63	21	59	67	8	15	68	55	36	66	97	99	18	3	87	42	3	79	8	84	55	88	76	22	59	25	28	28	9	83	74	55	33	1	50	88	34	38	99	40	48	89	7	73	94	37	9	92	16	51	36	9	37	98	41	46	64	44	82	5	20	16	12	77	30	78	3	88	61	23	92	25	72	90	70	14	49	16	5	88	41	54	4	26	23	46	56	82	29	72	77	34	
16	34	56	62	44	99	10	22	100	15	77	79	70	59	85	64	26	22	31	68	66	13	19	72	79	81	10	74	83	53	67	27	23	30	67	82	82	24	76	32	57	1	72	25	6	7	66	95	20	2	39	2	6	21	49	53	90	91	52	49	25	46	95	83	82	87	52	84	88	56	39	34	63	73	31	68	84	31	15	69	13	49	31	34	29	10	53	96	92	68	90	25	53	20	46	37	34	46	56	31	
44	54	62	5	95	30	39	67	46	47	30	33	5	46	74	57	1	81	8	55	8	27	71	70	8	10	42	54	32	100	69	27	56	30	22	87	13	45	17	40	39	11	52	21	24	25	72	99	13	44	39	5	98	32	5	53	31	99	64	37	37	15	69	44	9	63	46	73	45	46	16	63	50	73	72	13	28	77	72	97	80	73	63	47	77	71	32	87	19	42	73	22	61	86	17	1	99	71	76	47	
5	23	74	81	81	56	100	51	10	29	18	95	93	63	81	18	26	29	56	11	98	46	81	70	84	74	54	8	81	11	57	29	37	59	86	79	11	63	92	46	3	17	63	56	64	38	30	54	5	41	93	59	26	29	70	70	59	71	37	39	87	16	100	35	5	95	87	40	86	76	89	81	90	24	50	32	93	67	94	87	68	64	7	26	85	99	60	18	55	44	81	60	39	49	87	30	41	73	27	27	
57	18	24	39	46	35	42	18	88	38	88	40	23	49	98	39	34	4	69	7	75	87	52	69	55	83	32	81	11	19	24	72	49	37	10	66	86	2	84	87	31	25	10	90	61	22	46	52	98	96	86	50	11	96	73	14	13	96	14	34	28	58	34	18	98	67	22	86	74	1	97	96	14	28	88	27	21	82	66	73	97	62	86	47	70	50	34	4	28	28	17	33	26	76	8	86	67	29	68	51	
75	64	43	32	22	75	43	88	44	50	42	81	15	23	75	3	54	25	25	78	96	78	96	15	88	53	100	11	19	1	24	57	94	7	45	6	50	73	23	54	44	16	37	63	79	91	14	73	79	69	14	41	35	90	31	29	59	65	71	77	5	37	75	33	35	34	45	91	62	7	57	81	48	40	93	97	74	50	72	94	93	83	27	31	30	1	54	26	83	15	87	67	44	9	43	2	94	60	35	30	
100	90	66	67	3	20	49	69	85	55	55	50	17	16	91	87	7	24	98	30	27	31	81	43	76	67	69	57	24	24	2	91	62	18	34	66	14	36	27	55	42	68	36	30	72	79	33	91	17	98	68	62	19	76	27	56	85	71	5	36	73	6	70	93	73	42	90	32	61	98	69	53	82	62	49	30	97	12	93	16	89	32	79	98	3	6	60	18	44	45	1	53	57	25	24	67	33	23	45	92	
8	45	12	74	96	27	41	58	89	92	87	62	97	78	86	1	85	3	29	52	36	62	12	94	22	27	27	29	72	57	91	96	40	72	96	73	47	99	90	66	92	27	74	95	30	94	33	20	19	73	85	61	36	35	44	92	43	32	51	10	84	15	47	57	98	2	6	73	54	5	69	72	16	81	39	98	2	79	27	48	45	12	54	15	98	7	79	51	77	8	96	36	62	41	92	57	45	33	18	22	
10	78	58	47	29	2	4	82	10	49	8	66	10	79	21	7	93	9	78	100	52	3	47	51	59	23	56	37	49	94	62	40	77	30	24	91	80	85	68	96	33	70	29	59	49	67	68	2	79	2	96	44	68	20	68	55	83	44	52	17	19	90	6	78	68	64	31	43	37	71	52	21	98	89	43	78	7	72	92	84	35	41	35	86	19	93	31	48	81	43	92	25	29	39	51	9	90	16	76	41	
79	35	32	83	23	45	16	35	58	16	39	35	34	67	25	40	82	9	46	87	15	55	49	16	25	30	30	59	37	7	18	72	30	83	70	1	64	41	2	15	70	85	86	7	87	51	98	86	56	93	11	28	35	12	18	86	77	62	76	23	45	3	16	78	61	24	10	93	26	47	7	51	96	48	84	42	30	64	59	58	53	91	99	47	35	24	86	99	52	11	35	80	74	8	87	19	92	54	59	96	
55	47	34	15	38	68	87	96	49	56	4	21	43	79	70	66	83	65	61	6	26	11	92	58	28	67	22	86	10	45	34	96	24	70	73	93	19	42	85	62	93	81	72	72	87	83	95	3	28	52	81	49	56	4	53	39	30	30	59	100	71	36	53	42	66	85	48	70	94	21	65	8	26	61	33	8	24	42	29	66	90	38	71	78	60	77	27	44	82	7	57	21	35	40	46	59	55	69	96	53	
92	36	54	64	88	46	80	95	77	78	96	75	73	58	4	59	53	36	37	52	54	21	54	56	28	82	87	79	66	6	66	73	91	1	93	10	78	40	63	10	16	49	85	71	23	55	97	93	8	9	79	52	68	98	71	34	86	37	41	37	70	27	58	72	88	17	36	10	67	12	6	47	93	84	86	12	82	50	3	5	7	86	86	52	22	48	59	63	42	52	80	7	35	19	26	55	54	72	19	2	
31	33	41	82	97	66	83	1	58	28	56	98	42	49	93	18	78	57	79	21	49	83	60	45	9	82	13	11	86	50	14	47	80	64	19	78	17	37	49	43	93	39	67	26	31	98	67	73	74	31	94	13	28	52	1	53	47	90	1	86	35	54	95	6	66	92	41	73	66	94	58	27	61	45	58	23	31	69	55	59	49	5	89	29	4	97	4	7	15	78	28	58	21	70	26	22	27	97	25	94	
84	28	49	76	77	26	51	5	65	62	88	84	41	67	12	83	58	23	17	94	100	84	27	70	83	24	45	63	2	73	36	99	85	41	42	40	37	24	80	6	61	28	32	71	76	78	36	2	31	44	55	67	53	72	60	22	56	39	59	90	55	79	77	100	79	8	51	36	49	70	8	9	16	90	26	81	67	45	46	3	59	64	14	82	8	98	94	60	42	55	75	92	47	53	71	70	24	24	87	77	
82	23	49	94	63	61	24	55	54	59	27	41	45	22	28	91	14	95	5	47	30	62	36	10	74	76	17	92	84	23	27	90	68	2	85	63	49	80	27	10	6	66	38	12	6	13	56	10	54	47	54	96	16	81	86	20	89	43	79	57	16	92	92	47	37	21	47	48	62	42	9	48	75	68	73	45	45	77	83	11	94	83	1	97	60	93	38	79	58	96	34	85	88	6	51	55	18	31	90	70	
100	86	52	64	2	59	31	82	7	96	54	50	10	5	62	96	77	47	61	87	20	21	38	91	55	32	40	46	87	54	55	66	96	15	62	10	43	6	10	43	63	45	13	78	4	45	62	40	55	34	62	35	63	10	28	61	31	82	30	76	73	28	96	65	29	22	7	45	6	37	75	35	81	46	65	71	45	73	42	35	74	6	88	82	54	35	98	96	77	4	48	11	43	90	4	4	85	50	86	42	
73	3	63	47	4	73	99	53	98	73	33	21	36	91	50	5	95	65	89	58	61	45	43	38	33	57	39	3	31	44	42	92	33	70	93	16	93	61	6	63	67	81	89	92	59	100	42	86	92	76	35	81	79	43	30	21	15	94	31	18	22	100	13	98	3	8	54	96	77	19	12	56	45	40	95	73	77	69	48	80	66	90	79	10	48	72	100	22	10	15	13	63	50	5	62	61	54	100	69	21	
30	59	27	59	67	45	60	30	43	2	84	16	13	96	62	62	1	73	78	91	41	46	42	61	1	1	11	17	25	16	68	27	70	85	81	49	39	28	66	45	81	91	78	33	27	18	79	21	69	99	41	84	98	69	27	10	78	90	69	68	97	10	78	53	24	71	14	17	72	52	57	57	65	50	61	7	50	10	43	22	47	65	65	30	86	60	49	39	99	59	88	61	97	45	50	30	3	79	95	86	
11	26	59	6	49	32	62	13	3	1	1	57	22	27	64	31	92	45	16	49	29	79	29	92	50	72	52	63	10	37	36	74	29	86	72	85	67	32	38	13	89	78	17	74	9	19	26	49	39	70	94	92	11	63	67	25	8	83	83	6	48	47	61	75	34	8	53	11	10	76	96	32	48	79	78	41	50	8	68	10	54	56	67	73	1	44	66	66	33	6	49	64	33	44	32	42	7	34	26	18	
100	10	37	41	25	68	70	99	83	41	1	63	93	18	34	60	55	86	14	84	67	96	74	82	88	25	21	56	90	63	30	95	59	7	72	71	26	71	12	78	92	33	74	44	35	47	98	82	19	12	89	94	92	81	7	45	96	83	56	80	48	80	65	78	82	96	79	92	27	7	72	19	40	23	47	100	58	38	9	5	56	49	64	71	3	15	82	42	83	69	36	8	41	25	34	91	52	16	20	24	
9	47	97	100	1	23	4	51	46	79	62	9	64	16	28	50	35	33	70	47	76	80	52	85	34	6	24	64	61	79	72	30	49	87	87	23	31	76	6	4	59	27	9	35	16	96	82	82	51	16	55	22	44	4	45	74	97	58	59	53	49	43	12	28	42	93	12	21	74	35	17	50	67	12	93	94	35	96	43	4	75	3	8	51	89	44	44	70	35	52	51	56	50	58	52	50	85	54	5	43	
83	21	20	1	9	6	12	92	78	88	32	59	61	17	42	20	58	20	73	71	25	16	30	89	38	7	25	38	22	91	79	94	67	51	83	55	98	78	13	45	100	18	19	47	96	32	36	6	37	62	7	84	79	48	56	63	48	33	62	91	95	67	42	63	87	18	24	77	90	1	8	43	13	9	44	43	28	96	97	26	8	59	91	3	20	33	18	63	35	61	87	96	9	40	33	86	64	89	54	68	
98	31	37	91	95	77	1	100	58	66	73	93	64	96	43	67	32	38	68	19	65	63	26	78	99	66	72	30	46	14	33	33	68	98	95	97	67	36	56	62	42	79	26	98	82	36	57	53	45	53	71	84	91	2	91	66	23	16	48	12	24	60	46	30	59	42	9	67	70	20	32	8	1	55	74	27	98	32	60	73	15	80	26	22	63	12	33	89	83	33	40	56	90	79	28	8	57	79	33	72	
35	44	13	40	94	86	35	71	51	22	41	57	1	19	65	59	95	21	76	39	97	93	36	70	40	95	99	54	52	73	91	20	2	86	3	93	73	2	10	40	86	21	49	82	82	6	53	3	57	33	19	85	2	36	16	1	15	16	27	21	29	74	100	33	79	90	83	30	9	53	45	60	30	91	80	23	20	67	95	3	72	20	22	66	80	25	66	6	52	24	17	62	8	72	8	45	32	87	46	15	
15	86	66	66	16	10	45	91	53	25	39	70	26	94	26	55	98	78	94	81	70	14	86	41	48	20	13	5	98	79	17	19	79	56	28	8	74	31	54	55	92	69	39	19	51	37	45	57	68	58	1	7	99	66	79	76	42	3	4	99	33	6	67	52	69	47	9	87	55	8	22	83	35	47	81	81	91	24	31	91	54	23	60	27	62	27	41	56	74	90	29	55	100	71	66	24	7	40	19	13	
85	6	37	9	12	57	38	19	17	77	21	29	81	41	25	38	16	9	35	22	67	35	80	97	89	2	44	41	96	69	98	73	2	93	52	9	31	44	47	34	76	99	70	12	16	62	53	33	58	52	64	29	21	8	3	64	41	27	79	30	53	51	90	73	36	13	56	27	54	75	46	12	8	8	1	13	5	76	17	54	25	64	90	38	89	89	23	6	83	60	23	88	87	48	31	34	36	61	91	75	
65	42	83	54	27	92	56	42	95	57	97	28	18	96	88	48	72	8	29	31	77	98	52	60	7	39	39	93	86	14	68	85	96	11	81	79	94	55	54	62	35	41	94	89	55	7	71	19	1	64	2	84	54	39	74	27	5	81	58	73	8	14	15	66	68	84	51	24	39	82	35	48	32	56	95	69	34	48	57	46	94	56	5	72	1	53	35	16	72	43	12	20	16	12	62	62	55	24	5	3	
56	72	7	23	36	33	37	54	100	1	69	87	53	85	81	40	69	63	16	24	58	84	51	2	73	2	5	59	50	41	62	61	44	28	49	52	13	67	96	35	81	84	92	94	22	84	84	85	7	29	84	72	69	52	44	28	20	27	4	70	65	30	44	73	74	97	68	92	61	14	79	56	50	81	10	68	48	60	60	51	13	85	83	22	13	20	70	85	60	44	88	16	71	52	58	9	85	11	91	2	
52	42	57	9	86	98	84	31	37	52	87	37	19	62	4	9	10	65	66	54	63	29	56	18	94	6	98	26	11	35	19	36	68	35	56	68	28	53	16	63	79	98	11	92	44	79	91	2	99	21	54	69	82	38	10	30	81	9	69	97	7	17	81	45	45	30	68	25	7	99	82	76	78	37	63	22	30	97	91	61	99	54	89	72	23	80	77	19	45	37	85	82	52	38	91	1	90	72	59	6	
78	34	34	55	62	52	2	52	36	34	65	84	20	4	61	44	70	62	83	87	9	59	23	23	37	21	32	29	96	90	76	35	20	12	4	98	52	72	81	10	43	69	63	81	4	48	2	36	66	8	39	52	38	24	91	82	61	49	10	10	65	93	25	38	16	84	29	68	82	87	67	96	68	16	34	54	22	43	21	52	59	37	12	4	36	5	35	99	21	88	84	70	86	79	35	91	44	16	27	62	
75	15	79	47	17	87	26	28	10	29	25	33	98	14	9	14	50	89	43	27	72	45	52	82	9	49	5	70	73	31	27	44	68	18	53	71	1	60	86	28	30	27	67	7	45	56	91	16	79	3	74	44	10	91	79	9	15	99	42	71	74	83	35	35	96	50	7	34	48	37	36	4	9	5	36	80	96	48	78	72	62	69	34	82	31	51	72	5	65	83	28	43	19	12	6	58	90	60	91	16	
75	77	18	16	46	48	70	8	90	71	69	94	62	6	90	47	9	58	15	55	83	65	9	85	92	53	53	70	14	29	56	92	55	86	39	34	53	22	20	61	21	10	25	45	74	63	66	1	76	64	27	28	30	82	9	14	51	3	80	47	48	40	34	12	49	27	95	32	15	96	17	21	11	81	28	30	54	43	92	21	3	77	70	32	82	74	31	16	53	96	42	89	72	18	99	16	64	28	31	94	
22	31	98	13	29	2	65	48	97	46	14	66	8	54	62	95	36	27	69	1	94	70	30	19	16	90	31	59	13	59	85	43	83	77	30	86	47	56	89	31	15	78	8	96	97	48	23	15	42	41	5	20	81	61	15	51	95	85	78	74	94	31	54	35	4	88	73	33	34	87	45	21	40	94	73	18	70	67	35	53	33	51	16	100	12	62	98	18	19	21	46	17	46	72	56	65	41	3	69	50	
31	67	30	49	77	65	86	12	28	40	12	5	41	48	40	6	41	76	51	69	47	77	94	84	51	91	99	71	96	65	71	32	44	62	30	37	90	39	43	82	94	90	83	83	58	33	16	16	3	27	81	27	9	49	99	3	85	88	8	92	14	39	30	41	17	93	21	60	56	51	43	38	81	36	76	45	64	63	65	88	98	94	60	60	75	95	2	10	40	94	52	94	1	45	97	68	36	39	67	49	
79	11	22	22	21	25	98	40	26	58	28	35	17	89	88	79	69	89	14	55	17	33	54	21	36	52	64	37	14	71	5	51	52	76	59	41	1	59	79	30	31	69	83	56	59	62	48	27	4	79	58	4	69	10	42	80	78	8	41	97	87	52	95	78	70	81	16	41	18	95	49	3	25	47	1	38	62	34	44	72	69	10	25	86	43	39	54	95	26	95	23	68	36	52	35	61	45	59	62	81	
20	11	32	82	41	18	81	100	91	26	85	46	70	98	69	84	6	72	85	95	77	33	91	13	9	49	37	39	34	77	36	10	17	23	100	37	86	90	57	76	18	68	6	80	53	91	12	21	99	30	73	70	97	10	71	47	74	92	97	98	59	60	3	4	19	47	100	57	18	34	74	84	11	74	82	40	27	19	19	89	6	72	78	13	14	10	22	27	63	12	76	43	16	87	35	77	13	67	15	55	
17	92	7	71	1	97	26	3	96	54	19	86	20	47	23	83	83	36	29	34	94	42	42	12	37	25	37	87	28	5	73	84	19	45	71	70	35	55	16	73	22	97	48	48	49	95	24	29	33	53	8	65	7	65	74	48	94	14	87	59	57	79	33	86	44	2	6	3	43	76	32	8	90	39	26	84	66	11	76	44	67	49	88	89	71	31	38	80	64	47	94	89	54	88	80	8	98	79	65	86	
1	57	95	47	32	71	87	10	85	73	50	11	10	84	37	37	49	10	8	71	44	15	73	12	98	46	15	16	58	37	6	15	90	3	36	27	54	79	92	28	100	10	47	80	43	67	60	74	6	51	14	30	17	93	83	40	31	39	52	60	79	17	59	58	35	14	3	68	70	45	76	12	61	96	96	11	50	7	30	34	43	67	97	9	14	85	79	27	83	58	38	95	31	51	44	85	99	94	97	20	
9	83	35	51	20	11	18	18	83	53	47	95	10	6	27	19	70	42	96	85	60	40	72	93	41	95	69	100	34	75	70	47	6	16	53	58	95	77	92	96	13	78	61	65	12	42	46	100	67	90	15	44	81	25	35	34	54	30	95	3	33	59	42	85	54	89	93	8	83	5	39	46	18	60	47	84	83	14	23	73	92	34	75	36	4	87	34	50	70	29	64	42	94	59	24	48	27	20	41	57	
69	91	58	87	27	4	5	53	30	73	5	34	29	97	40	97	93	89	34	47	9	3	70	33	46	83	44	35	18	33	93	57	78	78	42	72	6	100	47	65	98	53	75	78	28	63	30	33	52	73	66	73	45	38	35	12	35	41	78	4	86	58	85	19	10	61	41	21	15	88	32	54	24	28	37	8	76	88	15	39	53	78	69	15	72	18	30	88	14	69	58	15	52	92	30	46	30	96	30	21	
37	15	73	26	99	41	78	79	69	6	30	55	5	33	48	46	10	20	65	60	46	93	62	59	64	82	9	5	98	35	73	98	68	61	66	88	66	79	37	29	3	24	34	82	42	87	59	79	69	36	68	74	45	16	96	49	4	17	70	19	44	35	54	10	27	84	37	12	63	87	43	19	77	80	55	84	23	3	46	27	11	44	67	27	59	61	65	8	98	54	58	55	43	33	8	94	21	6	17	23	
70	54	65	89	100	28	80	2	62	76	46	73	32	1	97	42	89	25	78	20	86	83	14	93	44	87	63	95	67	34	42	2	64	24	85	17	92	8	21	22	8	71	8	96	93	18	42	90	47	13	84	97	30	84	50	27	88	93	81	47	2	14	89	61	84	47	98	88	53	64	97	36	47	20	75	77	44	53	15	53	21	24	14	63	18	89	55	25	20	97	19	12	38	26	9	23	78	32	53	21	
93	31	85	94	15	88	36	69	24	48	9	44	11	35	16	81	89	27	47	39	50	13	2	6	82	52	46	87	22	45	90	6	31	10	48	36	41	51	47	7	54	14	53	79	12	24	9	83	9	56	51	68	68	29	7	95	73	21	16	100	6	3	93	41	37	98	7	2	47	82	70	2	22	23	83	53	98	7	8	78	93	53	80	4	77	41	99	92	11	23	79	29	41	55	74	31	16	45	24	29	
50	42	26	4	53	57	80	91	20	90	31	10	84	54	50	11	67	52	11	100	67	92	67	82	5	84	73	40	86	91	32	73	43	93	70	10	73	36	48	45	96	17	11	92	21	77	67	30	87	27	24	92	25	68	34	32	33	60	41	57	3	68	8	21	12	88	2	90	65	3	30	71	36	26	85	67	76	90	46	69	98	1	51	86	61	77	7	67	76	63	44	72	61	42	6	32	34	56	4	5	
92	36	5	20	5	54	68	26	21	86	14	79	88	27	98	20	52	24	97	68	37	33	77	18	20	88	45	86	74	62	61	54	37	26	94	67	66	49	62	6	77	72	10	27	74	90	70	9	55	54	39	61	7	82	48	15	34	56	18	18	43	70	83	15	63	53	47	65	68	36	60	85	83	31	2	10	45	68	11	95	58	45	30	96	46	38	87	89	10	34	46	51	30	57	100	3	14	86	3	80	
28	41	69	66	52	56	95	52	73	70	25	30	75	9	76	80	38	43	96	41	19	27	22	86	16	56	46	76	1	7	98	5	71	47	21	12	94	70	42	37	19	52	76	7	35	1	20	53	8	75	82	14	99	87	37	96	87	51	95	34	76	45	5	88	87	64	82	3	36	78	53	52	4	54	27	67	98	17	17	7	2	39	49	86	43	17	10	28	57	19	96	54	71	47	67	43	87	32	77	40	
41	48	20	9	30	12	28	2	81	90	33	32	81	55	62	98	12	15	47	14	90	56	21	65	12	39	16	89	97	57	69	69	52	7	65	6	58	8	9	75	12	57	96	72	17	8	32	45	22	46	35	79	82	67	36	17	45	43	49	74	32	76	39	32	43	97	70	30	60	53	65	84	71	2	62	100	68	26	67	26	72	80	39	64	74	83	41	4	85	31	43	54	73	99	84	28	22	62	32	79	
9	5	40	77	20	29	66	32	74	46	92	2	56	87	40	66	22	88	54	97	53	31	95	37	77	34	63	81	96	81	53	72	21	51	8	47	27	9	48	35	56	57	32	19	50	43	8	60	83	12	48	56	76	96	4	21	21	38	3	84	8	12	46	54	19	36	2	71	85	52	84	83	73	28	51	66	12	89	15	24	50	8	65	98	37	95	64	72	48	99	13	70	25	59	20	32	100	6	28	43	
88	62	44	59	73	6	88	76	89	82	24	10	69	96	41	40	100	98	30	83	12	59	75	92	30	63	50	90	14	48	82	16	98	96	26	93	61	16	75	81	45	65	48	40	67	13	1	30	35	8	32	50	78	68	9	11	40	81	25	11	90	61	18	24	77	47	22	36	83	4	71	73	27	40	42	56	67	72	12	5	96	10	22	16	38	25	43	77	68	71	61	93	75	18	3	4	47	54	65	97	
77	16	94	57	61	31	41	79	79	46	13	8	50	51	72	90	5	68	4	67	9	19	4	21	78	73	73	24	28	40	62	81	89	48	61	84	45	90	68	46	40	50	79	23	12	9	55	91	47	8	56	81	37	16	5	81	94	36	47	74	39	96	60	28	80	20	23	26	31	54	2	28	40	61	62	19	50	61	89	53	76	33	17	53	81	30	36	48	79	75	39	80	99	98	67	99	33	3	90	63	
75	5	54	36	79	4	12	38	33	57	90	27	94	3	56	12	21	19	65	78	74	78	6	50	3	31	72	50	88	93	49	39	43	84	33	86	58	26	73	65	95	61	78	47	93	44	74	80	81	1	95	10	63	34	36	28	73	76	1	82	26	96	47	37	55	75	83	85	2	27	62	51	42	62	20	41	48	40	53	46	9	88	57	84	27	45	32	58	71	44	58	72	48	22	2	54	72	19	86	13	
93	51	87	62	97	60	36	58	7	64	21	32	17	92	41	67	41	87	40	83	9	65	76	34	88	68	13	32	27	97	30	98	78	42	8	12	23	81	45	71	73	7	41	100	94	43	27	23	81	13	69	68	22	54	80	30	18	45	38	40	84	11	84	8	84	77	53	67	10	67	100	66	56	19	41	27	18	50	81	34	13	30	94	32	9	22	77	10	89	19	59	34	9	31	39	90	29	63	83	20	
14	19	8	1	66	24	98	12	92	59	23	99	26	35	75	1	43	58	63	69	43	84	28	79	61	84	28	93	21	74	97	2	7	30	24	82	31	67	45	45	77	50	50	58	35	28	98	20	91	5	34	48	30	22	96	54	70	64	62	27	66	50	83	76	23	44	98	76	45	98	68	12	67	50	48	18	96	38	69	5	93	70	38	74	99	61	20	73	71	54	22	93	44	89	5	39	92	62	10	35	
59	89	51	45	64	33	43	97	88	77	26	14	11	80	91	79	43	72	96	71	27	72	36	22	23	31	77	67	82	50	12	79	72	64	42	50	69	45	77	73	69	10	8	38	96	96	32	67	24	76	48	60	97	43	48	43	67	63	34	19	11	7	14	88	3	53	7	90	68	17	26	89	72	61	40	50	38	76	98	46	6	32	96	92	81	23	48	81	88	34	37	24	99	65	51	67	75	29	84	27	
37	26	69	30	82	16	37	52	49	36	45	41	82	86	70	14	7	41	69	18	68	83	2	69	92	15	72	94	66	72	93	27	92	59	29	3	55	46	83	42	48	43	68	9	43	97	60	95	31	17	57	60	91	21	78	92	35	65	44	19	76	30	23	15	46	15	8	46	11	17	67	15	12	89	53	81	69	98	39	28	60	77	33	44	44	19	62	61	44	45	92	53	56	43	91	72	85	52	15	28	
81	55	84	80	43	41	42	91	62	74	71	4	39	8	77	4	19	29	32	78	98	15	44	54	25	69	97	87	73	94	16	48	84	58	66	5	59	3	11	35	80	22	10	5	4	26	73	3	91	54	46	51	61	52	72	21	53	88	72	89	44	34	73	39	27	53	78	69	95	7	26	24	5	53	46	34	5	46	28	15	38	93	64	33	60	83	99	50	82	54	50	22	16	31	87	36	12	82	4	56	
3	52	10	31	80	91	87	62	88	90	95	82	76	74	54	38	31	100	68	8	85	27	18	51	72	13	80	68	97	93	89	45	35	53	90	7	49	59	94	74	66	47	54	56	75	8	15	72	54	25	94	13	99	59	62	3	33	98	69	6	67	43	92	53	11	21	93	98	58	2	72	50	96	76	9	13	93	6	60	38	85	49	16	92	36	53	39	6	19	41	23	12	86	27	76	98	37	68	52	35	
58	1	83	67	48	74	22	91	94	74	96	11	54	74	5	75	58	56	76	54	6	61	80	74	90	49	73	64	62	83	32	12	41	91	38	86	5	64	83	6	90	65	56	49	3	59	80	20	23	64	56	85	54	37	69	77	51	94	10	72	49	67	34	78	44	24	53	1	45	39	80	8	10	33	88	30	70	32	77	93	49	32	63	100	31	91	44	41	55	52	13	37	37	71	47	91	45	85	17	51	
54	71	78	40	94	66	36	80	97	13	23	4	84	56	100	79	85	57	12	37	81	4	26	92	70	31	63	7	86	27	79	54	35	99	71	86	89	14	1	88	79	65	67	64	8	91	26	22	60	90	5	83	89	12	34	70	16	60	25	78	88	97	75	69	67	14	80	51	30	49	39	65	22	17	57	94	38	96	33	64	16	63	10	42	77	36	13	19	64	81	79	66	85	6	79	88	46	20	61	5	
65	79	94	86	6	12	16	4	56	2	43	76	45	87	58	13	50	59	60	67	99	58	38	32	14	34	47	26	47	31	98	15	86	47	78	52	29	82	97	82	10	30	73	71	51	3	22	66	27	38	72	22	72	4	82	32	100	60	86	13	89	9	36	15	27	63	4	86	96	86	64	98	16	53	84	32	74	92	44	33	92	100	42	29	2	68	96	86	2	85	7	31	26	63	27	49	57	16	33	34	
41	96	26	64	37	19	76	69	71	92	32	13	25	15	75	34	100	1	17	19	27	42	97	7	49	29	77	85	70	30	3	98	19	35	60	22	4	8	60	54	48	86	1	3	89	20	63	80	62	89	1	13	23	36	31	82	12	75	43	14	71	14	4	72	59	18	77	61	46	43	74	37	38	81	27	9	99	81	44	60	36	31	77	2	88	2	87	38	98	80	44	48	11	42	72	28	18	82	88	57	
39	47	31	97	21	16	78	59	79	94	47	56	74	25	5	67	98	12	55	38	29	44	14	99	16	10	71	99	50	1	6	7	93	24	77	48	97	98	93	35	72	60	44	15	44	33	12	25	27	89	53	20	80	5	51	74	62	95	39	10	31	85	87	18	61	89	41	77	38	17	83	95	25	30	45	22	61	23	19	83	53	91	36	68	2	92	83	39	76	23	88	90	77	56	42	17	22	72	51	54	
16	29	62	74	70	71	22	50	7	5	41	46	44	39	60	99	93	25	33	15	7	61	42	38	5	53	32	60	34	54	60	79	31	86	27	59	4	94	38	98	100	49	66	82	44	18	33	66	41	23	35	70	77	35	72	31	98	2	54	22	38	79	34	30	65	55	99	7	87	10	41	64	43	36	32	77	20	48	62	99	39	44	13	96	87	83	82	24	75	7	38	9	28	68	88	47	48	66	1	41	
70	24	35	4	66	29	66	64	71	71	1	40	21	4	50	16	99	56	82	7	90	67	34	93	88	96	87	18	4	26	18	51	48	99	44	63	7	60	79	96	22	39	66	42	70	63	89	6	56	6	16	85	19	99	5	16	18	10	95	27	80	27	50	88	8	25	92	67	89	28	4	72	77	48	58	10	73	81	61	50	6	41	19	86	38	39	24	85	19	29	86	51	14	58	7	86	67	87	41	86	
48	33	63	46	48	44	5	61	19	21	20	34	76	24	11	64	96	14	50	83	61	18	3	22	41	92	19	55	28	83	44	77	81	52	82	42	15	42	58	77	10	99	33	83	35	35	83	52	74	83	72	60	45	21	65	53	19	40	26	63	64	83	70	14	98	20	11	76	10	57	85	48	68	79	71	89	71	88	44	82	19	55	64	2	98	76	75	19	2	19	94	21	6	38	15	99	80	21	96	82	
54	1	60	17	73	80	23	96	95	66	89	59	42	73	61	41	66	88	54	23	2	9	59	77	54	68	42	44	28	15	45	8	43	11	7	52	78	55	96	4	15	59	6	69	52	61	33	24	90	60	43	44	37	88	83	96	21	94	95	12	47	58	29	69	54	97	23	63	34	19	31	99	71	75	44	19	54	34	45	54	41	52	81	85	80	23	7	29	19	83	71	32	69	47	16	49	51	33	12	93	
20	1	15	88	73	58	18	92	88	22	82	58	85	34	85	96	52	10	41	11	42	34	32	59	4	90	73	81	17	87	1	96	92	35	57	80	28	75	34	48	13	88	49	36	51	87	40	17	29	23	12	88	85	84	28	42	46	52	23	76	94	38	64	58	58	19	79	44	46	96	43	13	61	39	58	59	22	37	92	50	23	13	79	7	44	88	38	86	94	71	17	88	98	82	70	59	13	74	4	95	
60	76	28	34	4	67	96	18	98	62	71	99	40	38	44	54	51	50	31	70	96	94	83	22	26	25	22	60	33	67	53	36	25	80	21	7	58	92	85	11	63	61	64	8	56	96	56	62	55	88	20	16	82	70	43	89	17	94	68	43	89	95	42	15	55	12	29	72	51	54	54	70	93	80	72	34	93	24	53	22	12	37	66	31	48	90	9	51	21	32	88	82	71	40	27	8	32	57	23	70	
22	48	87	36	59	15	7	69	84	70	51	71	95	2	49	62	43	58	28	13	9	40	95	83	23	53	61	39	26	44	57	62	29	74	35	35	21	47	88	43	50	97	33	41	50	9	90	8	100	87	16	71	52	86	19	72	46	1	36	16	54	31	94	52	43	38	41	61	30	71	73	25	75	99	48	9	44	99	56	16	86	37	85	26	11	77	28	14	6	69	98	71	12	87	68	19	72	3	77	100	
81	48	4	91	42	57	3	56	38	81	32	51	50	1	46	58	89	71	2	74	57	63	40	38	46	20	86	49	76	9	25	41	39	8	40	19	70	53	6	90	5	45	44	25	58	40	79	72	71	48	12	52	38	79	12	18	72	45	52	87	88	51	59	92	33	26	55	42	57	47	99	59	18	98	22	31	89	65	43	31	27	71	6	63	42	56	68	58	38	47	82	40	87	81	27	35	75	69	75	8	
11	83	98	64	14	62	30	8	35	51	31	66	65	46	92	97	47	28	33	5	66	59	6	36	56	46	17	87	8	43	24	92	51	87	46	26	26	71	51	4	62	50	32	34	52	33	28	8	66	31	62	58	91	35	6	99	56	97	35	35	80	44	24	30	8	9	74	6	100	67	84	20	3	67	2	39	5	51	91	87	76	47	79	27	72	42	88	7	15	16	70	27	68	27	22	10	79	41	73	41	
91	75	52	73	19	76	72	75	40	1	21	18	28	9	34	50	32	74	39	90	69	55	45	4	82	37	1	30	86	2	67	57	9	19	59	55	22	70	55	4	61	30	42	91	50	86	8	45	24	34	62	9	1	91	58	16	65	68	61	77	8	85	48	46	94	23	31	32	3	43	28	32	4	99	54	90	39	67	72	36	98	91	88	49	28	17	47	86	99	49	59	8	19	35	10	37	39	29	79	21	
92	78	73	14	55	9	46	49	29	2	44	56	90	59	23	41	70	42	30	100	95	37	60	21	29	34	99	41	67	94	33	45	90	92	55	54	27	24	18	85	54	3	7	52	85	64	57	32	7	36	55	85	90	44	90	64	41	36	45	13	98	99	27	30	21	78	16	34	14	87	22	100	47	33	72	29	92	75	85	12	37	45	46	57	18	22	48	67	80	51	13	32	72	75	79	39	33	82	2	42	
70	55	61	31	68	21	97	58	14	16	94	8	19	18	35	44	25	68	72	83	1	12	94	88	72	46	71	73	29	60	23	33	16	54	69	72	97	24	31	50	100	79	34	16	54	89	79	87	40	61	24	11	72	16	60	28	3	39	59	67	79	94	20	96	6	32	45	56	86	32	62	6	54	3	19	63	62	29	52	82	68	85	20	16	82	72	66	87	21	33	74	57	3	69	41	29	82	95	72	41	
60	85	26	74	67	44	97	63	57	21	30	76	8	100	32	84	20	50	55	19	39	78	39	1	77	56	76	27	68	35	45	18	76	59	96	19	25	87	90	86	69	95	26	20	5	54	33	46	19	91	5	91	59	27	91	31	69	67	62	15	65	97	41	30	17	53	24	4	3	77	32	28	65	90	86	83	10	84	15	4	52	17	61	33	88	51	1	41	96	12	4	23	77	75	73	79	2	72	80	81	
3	69	57	81	12	87	38	85	10	57	75	66	31	22	15	21	50	43	81	9	32	6	21	26	34	31	47	27	51	30	92	22	41	96	53	2	94	77	70	42	21	86	18	24	43	68	72	15	13	75	3	2	6	62	16	94	50	49	81	55	86	20	57	21	23	21	29	5	80	40	79	43	97	63	13	20	35	27	28	56	35	51	5	34	57	54	41	86	82	93	95	70	100	8	41	21	42	41	81	19	
